CG
[-0.0000,  6.9065,  32.7527,  -0.0000,  0.4348,  3.2783]
[[62.9123,  0.0000,  -0.0000,  1.2693,  0.0000,  0.0000],  
 [0.0000,  87.8587,  -22.5319,  -0.0000,  -0.6712,  3.7426],  
 [-0.0000,  -0.0029,  54.0842,  -0.0000,  -1.3713,  3.4683],  
 [0.0003,  -0.0000,  -0.0000,  0.4439,  0.0000,  0.0000],  
 [0.0000,  -0.0001,  -0.0005,  0.0000,  0.8916,  -0.3028],  
 [0.0000,  0.0005,  0.0014,  0.0000,  -0.3807,  0.3404]]

CA
[-0.1261,  5.5795,  34.9237,  -0.1401,  0.3558,  3.3848]
[[77.2319,  -0.9308,  -8.5233,  0.3007,  0.6798,  -1.0815],  
 [-0.0002,  92.0265,  -39.3611,  -0.3370,  -1.1646,  1.7784],  
 [-0.0014,  -0.0047,  60.7513,  0.4416,  1.0547,  0.5299],  
 [0.0001,  -0.0000,  0.0001,  0.4859,  -0.0605,  0.0149],  
 [0.0001,  -0.0001,  0.0002,  -0.2557,  0.7460,  -0.0154],  
 [-0.0002,  0.0002,  0.0003,  0.0629,  -0.0290,  0.2290]]

TA
[0.0000,  2.7399,  36.7073,  0.0000,  0.2044,  3.3834]
[[144.9213,  0.0000,  0.0000,  0.0549,  0.0000,  0.0000],  
 [0.0000,  105.9745,  -26.7888,  -0.0000,  -4.1806,  0.9499],  
 [0.0000,  -0.0024,  152.8953,  0.0000,  2.6825,  0.0847],  
 [0.0000,  -0.0000,  0.0000,  0.5922,  -0.0000,  -0.0000],  
 [0.0000,  -0.0004,  0.0000,  -0.0000,  0.8528,  -0.0270],  
 [0.0000,  0.0001,  0.0000,  -0.0000,  -0.0372,  0.3262]]

AG
[-1.8677,  3.2537,  32.0726,  0.1281,  -0.2413,  3.3085]
[[41.0889,  -0.7212,  8.9027,  0.5773,  -0.6215,  0.8031],  
 [-0.0004,  55.9246,  -14.0100,  -0.7583,  -0.2334,  0.1024],  
 [0.0053,  -0.0044,  45.9477,  -1.2729,  0.5159,  0.6387],  
 [0.0003,  -0.0002,  -0.0007,  0.4522,  0.0047,  -0.0364],  
 [-0.0004,  -0.0001,  0.0003,  0.0213,  0.4712,  -0.1053],  
 [0.0005,  0.0000,  0.0002,  -0.1786,  -0.4757,  0.5224]]

GG
[-0.8305,  4.3796,  33.2562,  -0.1267,  -0.1503,  3.3766]
[[41.8413,  1.3573,  4.7418,  1.3474,  -1.4428,  0.4210],  
 [0.0008,  49.9378,  -15.6563,  -0.1356,  -1.0143,  0.1588],  
 [0.0027,  -0.0064,  38.8610,  -1.0780,  1.1900,  0.0553],  
 [0.0008,  -0.0001,  -0.0008,  0.4937,  -0.0293,  -0.0097],  
 [-0.0008,  -0.0004,  0.0007,  -0.1244,  0.5658,  -0.0176],  
 [0.0002,  0.0001,  0.0000,  -0.0393,  -0.0533,  0.2440]]

AA
[-1.6144,  0.6198,  34.7752,  -0.0290,  -0.1744,  3.2627]
[[88.6591,  -21.5347,  6.7921,  -0.1109,  -0.7806,  -0.4460],  
 [-0.0027,  75.2454,  -21.9582,  0.5573,  1.2038,  0.5742],  
 [0.0009,  -0.0036,  76.3289,  -0.7612,  1.0259,  0.4376],  
 [-0.0000,  0.0001,  -0.0001,  0.3683,  -0.0712,  -0.0007],  
 [-0.0001,  0.0002,  0.0002,  -0.5242,  0.2888,  -0.0056],  
 [-0.0001,  0.0001,  0.0001,  -0.0048,  -0.0553,  0.2026]]

GA
[-1.6895,  1.8653,  35.8905,  -0.2821,  0.0068,  3.2854]
[[52.4705,  -0.9459,  -1.1505,  0.7646,  -0.8750,  0.6029],  
 [-0.0003,  43.8992,  -15.9905,  -0.1015,  -0.2582,  0.1903],  
 [-0.0004,  -0.0083,  69.3326,  -0.8491,  0.1124,  1.3469],  
 [0.0003,  -0.0000,  -0.0002,  0.3433,  -0.1056,  0.0059],  
 [-0.0003,  -0.0001,  -0.0000,  -0.8962,  0.3068,  -0.0189],  
 [0.0002,  0.0001,  0.0003,  0.0495,  -0.1805,  0.1239]]

AT
[-0.0000,  0.1814,  30.8315,  0.0000,  -0.6249,  3.2134]
[[58.7103,  -0.0000,  0.0000,  -0.2090,  0.0000,  0.0000],  
 [-0.0000,  53.5919,  -32.9689,  0.0000,  0.3549,  -0.4110],  
 [0.0000,  -0.0115,  57.8958,  0.0000,  0.5357,  -0.1030],  
 [-0.0001,  0.0000,  0.0000,  0.3285,  -0.0000,  -0.0000],  
 [0.0000,  0.0001,  0.0002,  -0.0000,  0.2523,  -0.0017],  
 [0.0000,  -0.0001,  -0.0001,  -0.0000,  -0.0275,  0.1386]]

AC
[0.1667,  1.4564,  31.9922,  0.2816,  -0.5173,  3.2487]
[[69.6367,  -5.7483,  10.5581,  0.1414,  -0.6561,  0.1469],  
 [-0.0012,  40.8393,  -13.1959,  0.0213,  -0.0767,  -0.0396],  
 [0.0022,  -0.0076,  49.0198,  -0.5997,  0.2880,  0.3322],  
 [0.0000,  0.0000,  -0.0003,  0.4046,  -0.0276,  -0.0289],  
 [-0.0001,  -0.0001,  0.0001,  -0.1691,  0.3374,  -0.0351],  
 [0.0000,  -0.0000,  0.0001,  -0.1769,  -0.2759,  0.1615]]

GC
[0.0000,  2.2693,  34.0449,  0.0000,  -0.3169,  3.2280]
[[39.5128,  0.0000,  0.0000,  1.0486,  -0.0000,  -0.0000],  
 [0.0000,  33.2155,  -10.4742,  -0.0000,  -0.8579,  0.2027],  
 [0.0000,  -0.0095,  33.0298,  -0.0000,  -0.2193,  -0.0689],  
 [0.0007,  -0.0000,  -0.0000,  0.4067,  -0.0000,  0.0000],  
 [-0.0000,  -0.0008,  -0.0004,  -0.0000,  0.3450,  -0.0460],  
 [-0.0000,  0.0002,  -0.0000,  0.0000,  -0.3865,  0.5573]]

