AAAA
[-0.2852,  -0.0687,  36.0420,  -0.0266,  -0.1332,  3.2969]
[[57.3171,  -8.9287,  13.6970,  0.9167,  0.5255,  -0.6681],  
 [-0.0027,  38.4312,  -9.0327,  -0.1331,  1.5089,  0.0211],  
 [0.0042,  -0.0052,  28.7127,  -0.3237,  0.7163,  -0.6762],  
 [0.0003,  -0.0000,  -0.0005,  0.2153,  -0.0283,  -0.0081],  
 [0.0002,  0.0011,  0.0011,  -0.6127,  0.2156,  0.0004],  
 [-0.0002,  -0.0000,  -0.0007,  -0.1717,  0.0712,  0.1184]]

AAAC
[-1.1313,  0.0700,  35.0730,  0.0060,  -0.3806,  3.3213]
[[13.5117,  -5.4472,  0.9451,  0.2791,  -0.1123,  0.3438],  
 [-0.0298,  38.1168,  -11.8770,  -0.0172,  0.4686,  -0.0093],  
 [0.0052,  -0.0074,  18.7976,  -0.6276,  0.8155,  0.2287],  
 [0.0015,  0.0002,  -0.0017,  0.3180,  -0.0749,  -0.0093],  
 [0.0019,  0.0003,  0.0007,  -0.0904,  -0.2175,  0.0736],  
 [-0.0006,  0.0002,  0.0025,  -0.7466,  -0.6033,  -0.0027]]

AAAG
[-1.1971,  -0.4159,  35.8889,  0.0201,  -0.2100,  3.2668]
[[52.4632,  -38.4003,  -0.2107,  -0.4712,  -1.1752,  0.9174],  
 [-0.0140,  47.6203,  -15.0082,  0.0756,  0.7323,  -0.0653],  
 [-0.0001,  -0.0066,  16.3266,  -0.4840,  0.5324,  0.3962],  
 [-0.0002,  -0.0001,  -0.0019,  0.1569,  -0.0050,  -0.0083],  
 [-0.0004,  -0.0000,  0.0019,  -0.2315,  0.2169,  -0.0288],  
 [0.0003,  0.0002,  0.0017,  -0.3651,  -0.5686,  0.0356]]

AAAT
[-1.1766,  -2.5499,  35.3464,  -0.0047,  -0.3832,  3.2456]
[[65.5407,  -14.9575,  -63.8275,  0.0783,  -1.0639,  0.0368],  
 [-0.0035,  24.0914,  -0.2289,  -0.2793,  0.2105,  0.3585],  
 [-0.0149,  -0.0092,  30.7374,  0.4733,  0.2616,  0.9396],  
 [0.0000,  -0.0005,  0.0005,  0.1674,  -0.0149,  -0.0168],  
 [0.0000,  0.0006,  0.0010,  -0.5893,  -0.1349,  0.0934],  
 [-0.0002,  0.0002,  -0.0002,  -0.5288,  -0.9247,  0.0610]]

CAAA
[-0.8928,  1.0517,  35.1848,  -0.0707,  -0.0271,  3.3000]
[[83.7704,  23.4287,  45.9054,  0.5873,  1.0022,  0.2345],  
 [0.0033,  57.1260,  -14.5872,  -0.2982,  0.3475,  0.6862],  
 [0.0065,  -0.0071,  29.9476,  -0.9279,  1.0068,  -0.1726],  
 [0.0001,  -0.0001,  -0.0012,  0.2841,  -0.0355,  -0.0072],  
 [0.0001,  0.0000,  0.0009,  -0.4499,  0.2332,  0.0060],  
 [0.0000,  0.0002,  -0.0001,  -0.0872,  0.1429,  0.0759]]

CAAC
[-3.3509,  1.5391,  33.5319,  -0.0462,  -0.0838,  3.1659]
[[87.2983,  15.0024,  26.4696,  -0.0054,  -1.1747,  1.5858],  
 [0.0020,  59.2219,  -36.1527,  -0.1260,  2.1044,  -0.1544],  
 [0.0035,  -0.0112,  25.9306,  -0.1998,  0.3595,  0.1644],  
 [-0.0002,  0.0006,  0.0015,  -0.3411,  0.2657,  -0.0072],  
 [-0.0000,  -0.0000,  -0.0003,  -0.9921,  0.1482,  -0.0198],  
 [0.0002,  -0.0001,  -0.0001,  0.1098,  -0.3785,  0.0826]]

CAAG
[-2.8809,  3.2835,  33.3980,  -0.1436,  0.0056,  3.2017]
[[12.5857,  -1.7796,  -3.2260,  0.9117,  -0.3345,  0.0883],  
 [-0.0112,  83.5351,  -26.8471,  1.4387,  3.1076,  2.2593],  
 [-0.0204,  -0.0043,  22.8837,  -0.2901,  0.5662,  0.4715],  
 [0.0058,  0.0003,  0.0006,  0.4066,  -0.0474,  0.0005],  
 [-0.0021,  0.0004,  0.0012,  -0.2823,  0.1537,  0.0086],  
 [0.0006,  0.0003,  0.0013,  0.0104,  0.3676,  0.0807]]

CAAT
[-2.5152,  3.5058,  35.6600,  -0.1630,  0.0040,  3.2960]
[[-107.3479,  -79.4162,  165.3003,  0.8289,  -1.2551,  1.2620],  
 [0.0022,  144.6178,  -41.5917,  0.8260,  3.3961,  3.6160],  
 [0.0084,  0.0024,  26.3673,  0.2282,  -0.0329,  1.4517],  
 [-0.0001,  0.0000,  0.0004,  0.3085,  -0.0632,  0.0101],  
 [-0.0001,  0.0001,  0.0022,  0.1104,  -0.2178,  0.1891],  
 [-0.0000,  0.0002,  -0.0000,  -0.6633,  -0.8286,  0.1127]]

GAAA
[-0.6607,  -0.5161,  35.8566,  0.0266,  -0.1204,  3.2729]
[[9.8227,  1.6146,  -3.6060,  0.4970,  -0.1034,  0.1649],  
 [0.0167,  33.0219,  -9.8725,  -0.1442,  -0.3245,  0.2507],  
 [-0.0374,  -0.0073,  33.7621,  -1.1272,  0.8249,  1.7380],  
 [0.0052,  -0.0004,  -0.0006,  0.2210,  -0.0030,  -0.0205],  
 [-0.0011,  -0.0002,  0.0005,  -0.0726,  0.3740,  -0.0529],  
 [0.0017,  0.0001,  0.0017,  -0.4121,  -0.3682,  0.0496]]

GAAC
[-1.6262,  0.3220,  34.8752,  0.0234,  -0.1648,  3.2509]
[[12.5183,  -0.1523,  0.8355,  0.2567,  -0.3891,  0.4540],  
 [-0.0010,  25.4207,  -6.2974,  -0.0062,  0.4580,  -0.2370],  
 [0.0053,  -0.0097,  11.4199,  -0.1962,  0.3684,  0.0533],  
 [0.0016,  -0.0000,  -0.0016,  0.2040,  -0.0233,  -0.0052],  
 [-0.0025,  0.0007,  0.0033,  -0.5822,  0.1131,  -0.0111],  
 [0.0029,  -0.0004,  0.0000,  -0.1126,  -0.6380,  0.0844]]

GAAG
[-1.8358,  2.9668,  34.2184,  -0.0688,  -0.2366,  3.2171]
[[11.2259,  -1.6286,  -1.9509,  0.4054,  -0.2472,  0.4422],  
 [-0.0129,  40.2062,  -6.1899,  -0.0648,  0.8348,  0.6969],  
 [-0.0155,  -0.0044,  13.7703,  -0.4148,  0.3778,  0.2319],  
 [0.0032,  0.0001,  -0.0017,  0.1834,  0.0069,  -0.0215],  
 [-0.0020,  0.0004,  0.0019,  0.1726,  0.1581,  0.0056],  
 [0.0035,  0.0006,  0.0019,  -0.6030,  0.0946,  0.0316]]

GAAT
[-2.2359,  0.4388,  35.5502,  0.0079,  -0.2723,  3.2744]
[[10.7342,  -1.0844,  -2.4521,  0.1228,  -0.0503,  0.1941],  
 [-0.0094,  41.2388,  -16.0809,  0.4874,  -1.7399,  0.1401],  
 [-0.0213,  -0.0100,  36.3513,  -0.2325,  0.5436,  0.1044],  
 [0.0011,  0.0003,  0.0000,  0.2069,  -0.0234,  0.0026],  
 [-0.0004,  -0.0010,  -0.0001,  -0.5579,  0.2707,  0.0066],  
 [0.0017,  0.0001,  0.0002,  0.0644,  0.0695,  0.0403]]

TAAA
[-1.3915,  0.6091,  34.8081,  0.0542,  -0.1816,  3.2465]
[[18.6128,  -0.1060,  -3.4517,  -0.1664,  -0.5848,  -0.4783],  
 [-0.0003,  42.3950,  -18.1879,  0.0210,  1.6958,  0.1911],  
 [-0.0100,  -0.0101,  28.3760,  -0.6770,  0.1193,  0.4488],  
 [-0.0005,  0.0000,  -0.0009,  0.4771,  -0.0287,  0.0600],  
 [-0.0017,  0.0009,  0.0005,  -0.1249,  0.2291,  0.0112],  
 [-0.0014,  0.0001,  0.0005,  0.2625,  0.1208,  0.0663]]

TAAC
[-2.2285,  0.1788,  33.4448,  -0.0593,  -0.1920,  3.2252]
[[15.5703,  2.1492,  -3.5081,  1.5268,  -0.5640,  0.2466],  
 [0.0089,  24.8542,  -4.9330,  0.3177,  0.2398,  -0.0027],  
 [-0.0145,  -0.0068,  36.2844,  -1.1758,  0.2610,  0.3199],  
 [0.0063,  -0.0000,  -0.0003,  0.3770,  -0.0430,  -0.0322],  
 [-0.0023,  0.0006,  0.0001,  -0.3104,  0.2055,  -0.0136],  
 [0.0010,  -0.0001,  0.0003,  -0.2140,  -0.1340,  0.0379]]

TAAG
[-2.4086,  0.0697,  31.3974,  -0.1667,  -0.1304,  3.2107]
[[45.2989,  10.2920,  -26.3139,  0.6458,  -1.1111,  0.0004],  
 [0.0050,  45.9583,  -9.3762,  0.5471,  1.0829,  0.2945],  
 [-0.0128,  -0.0016,  36.2184,  -0.1407,  1.2951,  0.5107],  
 [0.0003,  0.0002,  0.0002,  0.5761,  -0.1724,  0.0163],  
 [-0.0005,  0.0006,  0.0008,  -0.5189,  0.1568,  -0.0219],  
 [0.0000,  0.0001,  0.0004,  0.0495,  -0.7144,  0.0636]]

TAAT
[-0.6731,  1.8021,  34.6085,  -0.0906,  -0.2784,  3.3193]
[[166.3824,  -68.6623,  112.6902,  -1.8991,  -0.0150,  -2.8590],  
 [-0.0025,  132.4918,  -26.8319,  -0.7399,  4.1856,  4.8539],  
 [0.0041,  0.0006,  50.4726,  -0.4472,  1.3183,  0.6743],  
 [-0.0001,  0.0002,  0.0006,  0.3006,  0.0740,  0.1796],  
 [-0.0000,  0.0002,  0.0006,  -0.5754,  0.2855,  0.1203],  
 [-0.0001,  -0.0001,  -0.0001,  0.9705,  -0.4276,  -0.0349]]

AACA
[0.8027,  0.7221,  33.0602,  0.3301,  -0.5973,  3.3176]
[[18.3724,  0.2511,  -2.3236,  0.6527,  -0.2317,  -0.1912],  
 [0.0007,  34.8601,  -9.9607,  -0.1551,  0.2625,  0.1454],  
 [-0.0069,  -0.0081,  18.1515,  -0.4152,  0.7024,  0.2566],  
 [0.0019,  -0.0001,  -0.0011,  0.2638,  -0.0484,  0.0155],  
 [-0.0006,  0.0001,  0.0008,  0.2146,  -0.2116,  0.0830],  
 [-0.0007,  0.0002,  0.0022,  -0.7032,  -0.7976,  0.0312]]

AACC
[-0.7825,  -0.6206,  34.1061,  0.2892,  -0.5671,  3.3497]
[[12.3815,  1.7383,  -3.9583,  0.4573,  -0.4426,  -0.2183],  
 [0.0113,  26.8903,  -13.4729,  -0.2997,  -1.3457,  -0.8821],  
 [-0.0258,  -0.0170,  19.2069,  -0.4888,  0.9630,  0.2272],  
 [0.0030,  -0.0006,  -0.0011,  0.3338,  -0.0390,  0.0093],  
 [-0.0029,  -0.0017,  0.0009,  -0.3584,  0.2449,  -0.0200],  
 [-0.0014,  -0.0011,  -0.0004,  0.0795,  -0.3196,  0.0647]]

AACG
[-0.3367,  -0.5076,  33.4897,  0.0992,  -0.6320,  3.3291]
[[11.9512,  -4.3031,  -2.4831,  0.6071,  -0.1396,  0.1105],  
 [-0.0301,  28.2514,  -11.2710,  0.3383,  -0.4136,  -0.0236],  
 [-0.0174,  -0.0166,  14.9114,  -0.1559,  0.6935,  -0.1539],  
 [0.0043,  0.0010,  0.0007,  0.3043,  -0.0529,  -0.0165],  
 [-0.0010,  -0.0007,  0.0025,  -0.5673,  0.2350,  -0.0436],  
 [0.0008,  0.0001,  -0.0005,  -0.1746,  -0.5903,  0.0397]]

AACT
[0.3850,  1.0200,  33.0103,  0.3670,  -0.7559,  3.3864]
[[14.3685,  4.3916,  -1.5544,  0.2726,  0.1045,  -0.2761],  
 [0.0213,  42.0968,  -13.2988,  0.3096,  0.0990,  -0.1998],  
 [-0.0075,  -0.0067,  14.0186,  -0.5238,  0.5523,  -0.1230],  
 [0.0013,  0.0000,  -0.0025,  0.2118,  -0.0230,  0.0130],  
 [0.0005,  0.0000,  0.0028,  -0.5292,  0.2138,  0.0172],  
 [-0.0013,  0.0000,  -0.0007,  0.2864,  0.2357,  0.0531]]

CACA
[1.1709,  0.4065,  31.1100,  0.3155,  -0.4743,  3.2230]
[[84.5575,  -46.2653,  20.3144,  0.0741,  -0.8428,  -1.7506],  
 [-0.0065,  24.3722,  -8.1250,  -0.5581,  0.4941,  -0.1855],  
 [0.0028,  -0.0083,  23.0494,  -0.0765,  1.1686,  0.2105],  
 [0.0000,  -0.0009,  -0.0005,  0.3868,  -0.0363,  0.0058],  
 [-0.0001,  0.0006,  0.0025,  -0.2476,  0.3195,  -0.0468],  
 [-0.0002,  -0.0008,  0.0003,  0.0384,  -0.4453,  0.0367]]

CACC
[-1.0764,  2.2665,  33.2871,  0.1952,  -0.5759,  3.2577]
[[17.0074,  -1.1633,  -5.3156,  0.9032,  -0.7924,  -0.0772],  
 [-0.0040,  21.3091,  -9.9244,  0.6964,  -0.4940,  -0.5565],  
 [-0.0184,  -0.0228,  41.0942,  0.0661,  -0.0575,  0.1655],  
 [0.0031,  0.0017,  0.0008,  0.3352,  -0.1046,  0.0034],  
 [-0.0027,  -0.0012,  -0.0007,  -0.9397,  0.2472,  -0.0575],  
 [-0.0003,  -0.0012,  -0.0002,  0.0243,  -0.6895,  0.0206]]

CACG
[-1.2721,  2.4591,  30.9027,  0.0762,  -0.4797,  3.2536]
[[19.4123,  -7.6725,  3.3598,  0.5872,  0.1271,  -0.2832],  
 [-0.0204,  23.1666,  -2.8580,  -0.3001,  -0.1313,  -0.2465],  
 [0.0089,  -0.0025,  25.4753,  -0.0450,  0.3320,  -0.0831],  
 [0.0016,  -0.0001,  -0.0003,  0.2774,  -0.0387,  0.0211],  
 [0.0003,  -0.0001,  0.0005,  -0.5007,  0.1646,  0.0036],  
 [-0.0008,  -0.0007,  -0.0001,  0.2688,  -0.1684,  0.2652]]

CACT
[-0.2913,  2.4493,  31.9890,  0.2981,  -0.5951,  3.3524]
[[18.2196,  6.6442,  -1.5917,  0.5842,  0.3619,  0.0688],  
 [0.0200,  76.2845,  -27.8889,  -2.0645,  1.7214,  2.0292],  
 [-0.0048,  -0.0044,  17.0343,  -0.0733,  0.2025,  0.1561],  
 [0.0018,  -0.0005,  -0.0009,  0.3649,  -0.0401,  0.0138],  
 [0.0011,  0.0002,  0.0011,  -0.3027,  0.1113,  -0.0056],  
 [0.0002,  0.0003,  0.0011,  0.0971,  -0.6353,  0.0735]]

GACA
[1.2007,  1.6105,  32.1361,  0.3751,  -0.3765,  3.1826]
[[107.0478,  -9.4038,  36.3834,  0.7156,  2.0173,  -2.0147],  
 [-0.0008,  20.8345,  -5.0637,  0.2165,  -0.4184,  -0.1837],  
 [0.0032,  -0.0103,  26.8664,  -0.0915,  1.5641,  0.3657],  
 [0.0001,  0.0005,  -0.0001,  0.3233,  -0.0364,  -0.0022],  
 [0.0002,  -0.0009,  0.0018,  -0.3502,  0.1834,  -0.0235],  
 [-0.0002,  -0.0005,  0.0006,  -0.0231,  -0.6185,  0.0558]]

GACC
[0.0170,  1.8352,  32.0253,  0.4003,  -0.7351,  3.2227]
[[13.1596,  -1.6105,  1.3707,  -0.0546,  0.1442,  0.1168],  
 [-0.0093,  18.9369,  -5.9262,  -0.0581,  -0.3678,  -0.2096],  
 [0.0079,  -0.0159,  11.5745,  -0.1690,  0.1090,  0.0678],  
 [-0.0003,  -0.0002,  -0.0013,  0.3007,  -0.0765,  0.0006],  
 [0.0008,  -0.0010,  0.0003,  -0.8471,  0.1555,  -0.0285],  
 [0.0007,  -0.0005,  0.0002,  0.0057,  -0.8334,  0.0239]]

GACG
[1.0627,  0.5217,  31.2429,  0.3384,  -0.5644,  3.2234]
[[18.7115,  -13.4825,  8.1540,  1.1613,  0.3713,  -0.2045],  
 [-0.0385,  32.9486,  -22.0594,  -0.7134,  -1.0025,  1.0306],  
 [0.0233,  -0.0108,  21.0815,  -0.5496,  0.8540,  -0.1580],  
 [-0.0006,  0.0007,  0.0006,  -0.3082,  -0.1270,  0.2039],  
 [0.0011,  -0.0005,  0.0010,  0.4657,  0.2196,  -0.1147],  
 [0.0033,  0.0007,  -0.0017,  -0.8229,  -0.6390,  0.0143]]

GACT
[-0.7820,  2.6472,  32.4704,  0.4337,  -0.6841,  3.2478]
[[8.0679,  0.4162,  -2.3391,  0.2753,  0.0632,  -0.1490],  
 [0.0064,  16.0826,  -3.0520,  0.3786,  -0.3359,  -0.1486],  
 [-0.0359,  -0.0109,  15.5296,  -0.3515,  0.4446,  0.1402],  
 [0.0042,  0.0014,  -0.0006,  0.2317,  -0.0382,  0.0016],  
 [-0.0023,  -0.0005,  0.0002,  0.0171,  -0.1530,  0.0322],  
 [0.0010,  -0.0013,  0.0017,  -0.7108,  -0.6953,  0.0026]]

TACA
[0.2525,  1.4783,  31.7991,  0.0925,  -0.4547,  3.1761]
[[16.2942,  2.7480,  -1.7764,  0.4924,  0.1571,  -0.2888],  
 [0.0104,  38.7502,  -14.6232,  0.0975,  -0.1312,  -0.0867],  
 [-0.0067,  -0.0093,  43.0519,  -0.2457,  -0.6319,  0.1791],  
 [0.0019,  -0.0001,  -0.0001,  0.3148,  -0.0494,  -0.0111],  
 [0.0006,  -0.0001,  -0.0004,  -0.4950,  0.2020,  -0.0288],  
 [-0.0011,  0.0000,  0.0001,  -0.1159,  -0.5394,  0.0358]]

TACC
[0.6958,  1.2238,  31.5433,  0.1838,  -0.4192,  3.2368]
[[149.9132,  6.0094,  37.9943,  -0.4825,  -1.9297,  -2.5778],  
 [0.0003,  53.0678,  -13.2007,  0.4729,  -1.0111,  -0.3166],  
 [0.0017,  -0.0049,  45.0912,  -0.4209,  -0.0024,  -0.0952],  
 [-0.0000,  0.0002,  -0.0001,  0.3597,  0.0132,  0.0191],  
 [-0.0001,  -0.0003,  -0.0000,  0.1015,  0.3651,  -0.0216],  
 [-0.0001,  -0.0001,  0.0000,  0.1476,  -0.1502,  0.1078]]

TACG
[-0.0248,  0.2843,  32.7424,  0.1499,  -0.1000,  3.2633]
[[135.8602,  -69.4215,  45.9651,  -2.7645,  -5.2922,  3.6043],  
 [-0.0038,  53.8205,  -22.3760,  0.1522,  -1.5178,  -0.4263],  
 [0.0025,  -0.0045,  41.6412,  -0.8025,  0.1101,  0.8171],  
 [-0.0003,  -0.0009,  -0.0001,  0.4246,  0.5834,  0.0752],  
 [-0.0001,  -0.0001,  -0.0004,  0.9480,  -0.3825,  -0.1240],  
 [0.0002,  0.0001,  0.0003,  -0.3106,  -0.8088,  0.4506]]

TACT
[-1.6417,  1.7902,  32.0537,  -0.0364,  -0.6528,  3.2857]
[[14.6290,  1.3795,  -4.6189,  0.2642,  0.1410,  -0.0882],  
 [0.0064,  30.5481,  -4.7356,  -0.1869,  0.2012,  -0.0480],  
 [-0.0216,  -0.0041,  25.3633,  -0.0897,  0.2105,  0.0786],  
 [0.0012,  -0.0003,  0.0000,  0.4597,  -0.0390,  0.0578],  
 [0.0007,  0.0002,  0.0005,  -0.1839,  0.2045,  0.0014],  
 [-0.0004,  -0.0000,  0.0000,  0.2733,  -0.1620,  0.1021]]

AAGA
[-0.9719,  2.9715,  33.0768,  0.0600,  -0.2757,  3.3942]
[[13.5003,  -4.1560,  -2.1312,  0.7446,  -0.4929,  0.4363],  
 [-0.0228,  39.7578,  -15.2410,  -0.3903,  0.0021,  0.4692],  
 [-0.0117,  -0.0108,  19.8794,  -0.8315,  0.4597,  0.3178],  
 [0.0041,  0.0002,  -0.0015,  0.2772,  0.0206,  -0.0516],  
 [-0.0027,  -0.0003,  0.0007,  0.2381,  0.2306,  -0.0076],  
 [0.0024,  0.0005,  0.0014,  -0.6448,  -0.3238,  0.0113]]

AAGC
[-2.2246,  2.3628,  34.1273,  -0.1313,  -0.4171,  3.4601]
[[17.8975,  3.9302,  -0.1245,  0.7535,  -0.0736,  0.7028],  
 [0.0123,  18.9883,  -8.9835,  0.6382,  -0.2466,  -0.3237],  
 [-0.0004,  -0.0248,  19.0087,  -0.7800,  0.7010,  0.1555],  
 [0.0024,  0.0013,  -0.0015,  0.4401,  -0.0553,  -0.0617],  
 [-0.0002,  -0.0006,  0.0016,  -0.2868,  0.2369,  0.0059],  
 [0.0022,  -0.0013,  -0.0002,  -0.3130,  0.3238,  0.0245]]

AAGG
[-0.2290,  1.7336,  32.7133,  0.1992,  -0.2280,  3.3717]
[[14.2883,  1.4534,  7.1900,  0.1402,  0.8050,  0.2055],  
 [0.0071,  52.6102,  -6.7293,  -1.3725,  -0.9916,  0.4536],  
 [0.0352,  -0.0034,  23.7738,  -0.9428,  0.9629,  -0.0958],  
 [0.0007,  -0.0005,  -0.0020,  0.3015,  0.0217,  -0.0343],  
 [0.0039,  -0.0005,  0.0004,  0.2252,  0.4023,  -0.0086],  
 [0.0010,  0.0001,  -0.0004,  -0.3746,  -0.0758,  0.0767]]

AAGT
[-1.1454,  3.3399,  33.6322,  0.1358,  -0.6029,  3.4971]
[[25.0716,  1.8910,  -8.6525,  1.0738,  0.0211,  -0.0579],  
 [0.0030,  53.8910,  -7.8049,  -0.2223,  1.2042,  1.2551],  
 [-0.0138,  -0.0022,  27.4454,  -1.1245,  0.3450,  0.7757],  
 [-0.0001,  0.0004,  0.0011,  -0.2460,  -0.2046,  0.1310],  
 [0.0000,  0.0004,  0.0006,  0.9184,  0.4571,  -0.1762],  
 [0.0017,  -0.0001,  -0.0010,  -0.8813,  -0.5024,  -0.0265]]

CAGA
[-1.0285,  3.4840,  31.9047,  0.1022,  -0.0219,  3.3533]
[[20.1475,  -8.9282,  2.2136,  1.3272,  -0.6422,  0.3788],  
 [-0.0220,  67.1722,  -25.8188,  -0.5175,  1.6406,  1.7075],  
 [0.0055,  -0.0050,  22.4750,  -0.5683,  0.7042,  0.1628],  
 [0.0033,  0.0003,  -0.0011,  0.4324,  0.0843,  -0.0375],  
 [-0.0016,  0.0002,  0.0017,  0.4407,  0.2716,  0.0487],  
 [0.0009,  0.0005,  0.0008,  -0.1910,  0.4362,  0.0417]]

CAGC
[-2.3203,  2.9553,  31.7118,  0.1268,  -0.1972,  3.2378]
[[11.4878,  -3.4857,  -0.7706,  0.4502,  -0.1321,  0.5202],  
 [-0.0264,  31.4647,  -7.9280,  0.3971,  -0.9186,  -0.6057],  
 [-0.0058,  -0.0086,  18.3552,  -0.4081,  0.8580,  0.1645],  
 [0.0034,  0.0008,  -0.0008,  0.2973,  0.0174,  -0.0388],  
 [-0.0010,  -0.0010,  0.0021,  0.1813,  0.2989,  -0.0162],  
 [0.0039,  -0.0002,  0.0006,  -0.4272,  -0.2256,  0.0171]]

CAGG
[-1.8554,  1.3883,  32.0545,  0.2326,  0.0273,  3.2619]
[[12.9597,  1.6301,  -1.0060,  0.2911,  -0.0208,  0.5603],  
 [0.0097,  139.6520,  -52.3640,  -3.5222,  -3.1342,  -0.4468],  
 [-0.0060,  -0.0026,  21.0934,  -0.7816,  0.9681,  0.1171],  
 [0.0017,  -0.0002,  -0.0021,  0.4517,  0.0152,  -0.0052],  
 [-0.0001,  -0.0002,  0.0018,  0.0686,  0.5129,  0.0494],  
 [0.0033,  -0.0001,  0.0003,  -0.0233,  0.1861,  0.0781]]

CAGT
[-3.0023,  4.9313,  31.7653,  0.1107,  -0.4174,  3.3466]
[[13.4131,  -2.0620,  0.2115,  0.4724,  -0.1414,  0.4507],  
 [-0.0115,  26.3932,  -6.7887,  -0.4371,  0.0961,  0.3544],  
 [0.0012,  -0.0096,  21.2634,  -0.7088,  0.4938,  0.2860],  
 [0.0026,  -0.0004,  -0.0017,  0.2910,  -0.0548,  -0.0121],  
 [-0.0008,  0.0001,  0.0011,  -0.6524,  0.1973,  -0.0088],  
 [0.0025,  0.0007,  0.0008,  -0.1364,  -0.0577,  0.0427]]

GAGA
[-1.4362,  3.3902,  32.2981,  0.2256,  -0.2443,  3.3019]
[[20.0045,  1.5012,  -1.3672,  -0.2002,  -0.1442,  0.6586],  
 [0.0038,  24.0264,  -7.4967,  -0.1148,  -0.0974,  0.0673],  
 [-0.0034,  -0.0128,  19.8950,  -0.6489,  0.7099,  0.3542],  
 [-0.0005,  -0.0002,  -0.0017,  0.3519,  0.0537,  -0.0060],  
 [-0.0004,  -0.0001,  0.0017,  0.4256,  0.2598,  -0.0224],  
 [0.0016,  0.0000,  0.0010,  -0.0528,  -0.3246,  0.0486]]

GAGC
[-0.9412,  0.8845,  33.1248,  0.5302,  -0.0744,  3.2961]
[[23.1068,  1.7923,  -1.9843,  1.2290,  -0.2508,  0.8864],  
 [0.0034,  44.5634,  -9.7801,  -0.4837,  -1.5644,  0.0610],  
 [-0.0037,  -0.0048,  15.9672,  -0.1893,  0.8488,  0.2919],  
 [0.0023,  -0.0003,  -0.0007,  0.4546,  -0.0303,  -0.0517],  
 [-0.0005,  -0.0008,  0.0028,  -0.1470,  0.2619,  -0.0262],  
 [0.0017,  -0.0000,  0.0013,  -0.2435,  -0.2892,  0.0304]]

GAGG
[-2.2313,  2.9833,  31.3733,  0.3166,  -0.1869,  3.1881]
[[11.8344,  1.2290,  -0.8164,  0.7350,  -0.2825,  0.4077],  
 [0.0088,  19.3052,  -5.1565,  -0.2393,  -0.4906,  0.1276],  
 [-0.0058,  -0.0135,  22.2797,  -0.7188,  1.6407,  0.2265],  
 [0.0052,  -0.0010,  -0.0015,  0.3924,  0.0776,  -0.0608],  
 [-0.0020,  -0.0012,  0.0030,  0.4838,  0.2353,  -0.0048],  
 [0.0029,  0.0002,  0.0006,  -0.3834,  -0.4005,  0.0177]]

GAGT
[-2.0930,  4.3324,  33.0067,  0.0843,  -0.5219,  3.3757]
[[30.1215,  17.5514,  -7.5278,  -0.0916,  -1.5247,  0.7376],  
 [0.0193,  55.4532,  -14.0908,  -0.7205,  0.6000,  1.5138],  
 [-0.0083,  -0.0020,  20.3847,  -0.1421,  0.4194,  -0.0974],  
 [-0.0001,  -0.0002,  -0.0005,  0.3619,  0.0373,  0.0693],  
 [-0.0017,  0.0007,  0.0009,  0.2848,  0.2235,  0.0009],  
 [0.0008,  0.0002,  0.0002,  0.5271,  0.3002,  0.0474]]

TAGA
[-0.7192,  3.4893,  30.9670,  0.3865,  0.0147,  3.3530]
[[24.5073,  3.5515,  -11.4893,  1.4454,  0.2292,  1.1572],  
 [0.0059,  36.7785,  -6.5270,  -1.3595,  -0.1874,  0.3038],  
 [-0.0191,  -0.0030,  42.0737,  0.1687,  -0.6247,  0.6440],  
 [0.0024,  -0.0012,  0.0005,  0.4653,  0.0211,  -0.0012],  
 [0.0004,  -0.0002,  -0.0003,  0.0969,  0.3740,  -0.0356],  
 [0.0019,  0.0000,  0.0009,  0.0010,  -0.2523,  0.0540]]

TAGC
[-2.8053,  3.0947,  31.8090,  0.0484,  -0.1924,  3.2128]
[[11.4112,  2.7906,  -3.2117,  0.6104,  -0.2899,  0.2484],  
 [0.0214,  31.0798,  -8.0568,  -0.0951,  0.0807,  -0.1097],  
 [-0.0247,  -0.0062,  18.5305,  -0.6033,  0.3410,  0.1786],  
 [0.0047,  -0.0005,  -0.0012,  0.3896,  -0.0319,  -0.0059],  
 [-0.0022,  0.0003,  0.0007,  -0.2155,  0.2434,  -0.0120],  
 [0.0019,  -0.0003,  0.0007,  -0.0337,  -0.1865,  0.0301]]

TAGG
[-2.1474,  3.8998,  31.2123,  -0.0745,  -0.3009,  3.3686]
[[13.7115,  -3.5343,  0.4357,  0.4759,  -0.8630,  2.3740],  
 [-0.0188,  25.9865,  -2.4699,  -0.9526,  -0.2020,  -0.5200],  
 [0.0023,  -0.0033,  41.2215,  -2.1990,  -0.5763,  8.9994],  
 [0.0126,  0.0009,  0.0052,  -0.8233,  -1.3002,  5.3968],  
 [-0.0046,  -0.0009,  -0.0003,  -0.2070,  -0.8071,  2.7373],  
 [0.0025,  -0.0011,  -0.0014,  -0.5327,  0.7632,  0.4233]]

TAGT
[-2.7790,  3.7324,  32.4800,  0.0950,  -0.3256,  3.3239]
[[17.9792,  -0.2274,  -2.7542,  0.5064,  -0.7646,  0.6895],  
 [-0.0007,  19.5626,  -5.0359,  0.1159,  0.0238,  0.0826],  
 [-0.0085,  -0.0133,  21.3474,  -0.4318,  1.0052,  0.0509],  
 [0.0016,  0.0003,  -0.0007,  0.4012,  -0.0995,  0.0029],  
 [-0.0024,  0.0000,  0.0019,  -0.6228,  0.1702,  -0.0207],  
 [0.0021,  0.0002,  0.0004,  0.0220,  -0.5777,  0.0300]]

AATA
[1.4176,  -0.7528,  31.6677,  0.1560,  -0.5820,  3.2405]
[[10.7749,  -1.0123,  0.8910,  0.1889,  -0.1829,  -0.0271],  
 [-0.0087,  30.9035,  -13.8982,  -0.2271,  0.4183,  0.3526],  
 [0.0077,  -0.0143,  14.3340,  -0.2479,  0.4624,  -0.0437],  
 [0.0016,  -0.0002,  -0.0014,  0.2556,  -0.0042,  0.0178],  
 [-0.0016,  0.0004,  0.0027,  -0.0756,  0.2104,  -0.0006],  
 [-0.0002,  0.0004,  0.0001,  0.2719,  -0.0390,  0.0569]]

AATC
[0.9036,  -0.0903,  30.6851,  0.0696,  -0.6913,  3.2292]
[[103.3925,  10.3061,  -69.9625,  0.9726,  -1.7691,  -1.0354],  
 [0.0010,  22.3334,  -11.4299,  -0.4420,  -0.5888,  -0.3261],  
 [-0.0065,  -0.0200,  24.1785,  0.3104,  0.5893,  0.9542],  
 [0.0001,  -0.0009,  0.0003,  0.2096,  -0.0123,  -0.0302],  
 [-0.0001,  -0.0006,  0.0010,  -0.6766,  -0.2610,  0.1043],  
 [-0.0002,  -0.0011,  0.0000,  -0.2678,  -0.7108,  0.0178]]

AATG
[0.5028,  -0.9239,  33.0753,  0.0588,  -0.6891,  3.2434]
[[16.2901,  1.5702,  -4.5686,  0.3882,  -0.2036,  0.1796],  
 [0.0059,  21.8549,  -12.0348,  -0.5656,  -0.2802,  -0.2718],  
 [-0.0172,  -0.0240,  156.6596,  0.6943,  2.3885,  -0.6404],  
 [0.0015,  -0.0013,  -0.0000,  0.3271,  0.0512,  -0.0120],  
 [-0.0008,  -0.0005,  0.0000,  0.4762,  0.1901,  -0.0325],  
 [0.0007,  -0.0006,  -0.0001,  -0.1078,  -0.9078,  0.0317]]

AATT
[0.0000,  -2.2463,  32.2094,  0.0000,  -0.7113,  3.2898]
[[45.0154,  -0.0000,  0.0000,  0.0795,  -0.0000,  -0.0000],  
 [-0.0000,  33.0269,  -14.5795,  0.0000,  0.1891,  -0.2042],  
 [0.0000,  -0.0134,  59.1110,  0.0000,  -0.2332,  0.9188],  
 [0.0000,  0.0000,  0.0000,  0.1954,  -0.0000,  -0.0000],  
 [-0.0000,  0.0002,  -0.0000,  -0.0000,  0.2495,  -0.0196],  
 [-0.0000,  -0.0002,  0.0002,  -0.0000,  -0.3148,  0.0593]]

CATA
[-0.0012,  1.5258,  29.1185,  -0.0109,  -0.5967,  3.1854]
[[14.9681,  0.5313,  -1.8057,  0.0869,  -0.4031,  0.0176],  
 [0.0024,  26.0346,  -1.6446,  0.4860,  -0.8611,  -1.1285],  
 [-0.0081,  -0.0023,  23.5437,  -0.1725,  0.6820,  -0.4162],  
 [0.0004,  0.0007,  -0.0002,  0.4978,  -0.0320,  0.0022],  
 [-0.0018,  -0.0012,  0.0010,  -0.1308,  0.3270,  -0.0055],  
 [0.0001,  -0.0017,  -0.0009,  0.0075,  -0.0462,  0.0836]]

CATG
[0.0000,  1.5376,  30.5485,  -0.0000,  -0.4584,  3.1559]
[[77.5064,  0.0000,  0.0000,  -1.0453,  -0.0000,  -0.0000],  
 [0.0000,  165.1302,  -158.3972,  0.0000,  2.6131,  3.1087],  
 [0.0000,  -0.0058,  26.2482,  0.0000,  0.3078,  -0.2045],  
 [-0.0002,  0.0000,  0.0000,  0.2299,  -0.0000,  -0.0000],  
 [-0.0000,  0.0001,  0.0010,  -0.0000,  0.1721,  -0.0282],  
 [-0.0000,  0.0001,  0.0004,  -0.0000,  -0.9490,  0.0566]]

GATA
[-0.1443,  -0.5312,  31.9055,  0.0627,  -0.6797,  3.2305]
[[17.6384,  -3.8359,  -5.7262,  -0.0600,  0.0135,  -0.1717],  
 [-0.0123,  24.4398,  -2.6419,  0.1753,  0.1994,  -0.4321],  
 [-0.0184,  -0.0072,  42.3173,  0.3234,  0.0496,  -0.0516],  
 [-0.0002,  0.0003,  0.0002,  0.2911,  0.0141,  0.0145],  
 [0.0000,  0.0003,  0.0001,  0.1663,  0.1878,  -0.0132],  
 [-0.0006,  -0.0008,  -0.0002,  0.1702,  -0.3177,  0.0369]]

GATC
[-0.0000,  0.8445,  30.5986,  0.0000,  -0.5662,  3.2576]
[[8.0589,  0.0000,  -0.0000,  0.1402,  -0.0000,  0.0000],  
 [0.0000,  58.4059,  11.6771,  -0.0000,  0.8567,  -3.6323],  
 [-0.0000,  0.0034,  39.1187,  0.0000,  0.0571,  -0.9748],  
 [0.0022,  -0.0000,  0.0000,  0.2438,  0.0000,  -0.0000],  
 [0.0000,  -0.0011,  -0.0003,  -0.0000,  -0.3309,  0.0828],  
 [-0.0000,  0.0003,  -0.0000,  0.0000,  -0.4169,  -0.0104]]

GATG
[-0.3089,  0.1127,  30.5297,  -0.0910,  -0.5934,  3.1862]
[[8.6388,  0.9975,  0.2203,  0.2655,  -0.1993,  0.0505],  
 [0.0134,  17.3413,  -4.4240,  0.3219,  0.0811,  -0.1609],  
 [0.0030,  -0.0149,  17.4359,  0.2725,  0.2218,  0.1570],  
 [0.0036,  0.0009,  0.0011,  0.2145,  -0.0102,  0.0167],  
 [0.0007,  -0.0006,  0.0004,  0.3650,  -0.2034,  0.0274],  
 [-0.0027,  0.0004,  0.0009,  -0.2262,  -0.5075,  -0.0043]]

TATA
[0.0000,  0.3963,  30.3428,  0.0000,  -0.5004,  3.2153]
[[12.8615,  0.0000,  -0.0000,  -0.1026,  -0.0000,  0.0000],  
 [0.0000,  70.8109,  -38.7921,  0.0000,  0.8799,  1.2765],  
 [-0.0000,  -0.0077,  30.3505,  0.0000,  0.9370,  0.3973],  
 [-0.0006,  0.0000,  0.0000,  0.3553,  0.0000,  0.0000],  
 [-0.0000,  0.0002,  0.0012,  0.0000,  0.3540,  -0.0209],  
 [0.0000,  0.0003,  0.0007,  0.0000,  -0.1628,  0.1180]]

ACAA
[1.0288,  5.3686,  34.1061,  -0.1620,  0.0774,  3.4474]
[[16.8770,  -3.1889,  2.4296,  0.4957,  0.3479,  -0.3986],  
 [-0.0112,  80.0646,  -18.1525,  -0.0483,  0.1298,  2.1366],  
 [0.0085,  -0.0025,  40.9998,  0.2463,  0.3905,  0.0972],  
 [0.0017,  0.0001,  0.0001,  0.3450,  -0.0945,  0.0040],  
 [0.0012,  0.0001,  0.0002,  -0.7884,  0.6043,  0.0060],  
 [-0.0014,  0.0003,  0.0003,  0.0304,  0.0116,  0.1200]]

ACAC
[0.3237,  4.4294,  35.3560,  -0.0116,  0.1062,  3.3775]
[[119.5810,  -14.0606,  35.2389,  0.8684,  1.8533,  -2.3165],  
 [-0.0010,  42.1967,  -16.9384,  -0.7830,  -1.2562,  0.4026],  
 [0.0025,  -0.0087,  38.5895,  0.4924,  0.3011,  0.0530],  
 [0.0001,  -0.0004,  0.0001,  0.3821,  -0.0080,  0.0375],  
 [0.0001,  -0.0007,  -0.0002,  -0.0515,  0.4513,  -0.0117],  
 [-0.0002,  0.0002,  0.0003,  0.2552,  -0.0640,  0.1897]]

ACAG
[-0.3958,  7.0002,  34.2919,  -0.1881,  0.1644,  3.3828]
[[79.8254,  -33.7045,  53.1220,  0.7592,  -1.7642,  1.0656],  
 [-0.0053,  54.6481,  -28.1875,  0.2624,  -0.6604,  0.2500],  
 [0.0083,  -0.0044,  31.9718,  -0.1596,  0.6813,  0.7140],  
 [0.0001,  0.0002,  -0.0002,  0.4209,  0.1329,  -0.0421],  
 [-0.0003,  -0.0004,  0.0008,  0.7485,  0.3594,  -0.0133],  
 [0.0002,  0.0002,  0.0006,  -0.2379,  -0.1825,  0.0786]]

ACAT
[0.3340,  5.1240,  36.1582,  0.0242,  -0.0874,  3.4921]
[[20.0913,  -3.5734,  3.8432,  0.7237,  -0.1075,  0.3288],  
 [-0.0089,  68.1631,  -10.1034,  0.3854,  1.1064,  0.2358],  
 [0.0095,  -0.0017,  26.1127,  0.4871,  0.8570,  -0.0917],  
 [0.0018,  0.0002,  0.0005,  0.3078,  -0.0470,  0.0175],  
 [-0.0003,  0.0002,  0.0014,  -0.4911,  0.3756,  0.0313],  
 [0.0008,  0.0001,  -0.0002,  0.1880,  0.1738,  0.1630]]

CCAA
[0.1173,  3.3541,  36.6452,  -0.2541,  0.9601,  3.4090]
[[20.0799,  -2.2391,  0.5790,  0.7117,  0.1990,  -0.3550],  
 [-0.0056,  155.6618,  -76.1032,  -0.0246,  -7.8403,  1.3925],  
 [0.0014,  -0.0031,  32.7683,  0.5479,  2.2322,  -0.3370],  
 [0.0018,  0.0000,  0.0005,  0.3951,  0.0846,  0.0086],  
 [0.0005,  -0.0003,  0.0013,  0.5454,  0.5380,  -0.0093],  
 [-0.0009,  0.0000,  -0.0002,  0.0518,  -0.0242,  0.1784]]

CCAC
[0.0651,  4.5863,  34.9236,  -0.1798,  0.3807,  3.3158]
[[16.1894,  -2.3890,  -0.8261,  1.2805,  -0.4865,  -0.0924],  
 [-0.0091,  49.1322,  -19.8569,  -0.4226,  -1.7511,  0.3045],  
 [-0.0032,  -0.0084,  23.5658,  0.2206,  1.8072,  -0.6805],  
 [0.0049,  0.0001,  0.0006,  0.3462,  0.0396,  0.0440],  
 [-0.0019,  -0.0008,  0.0025,  0.3172,  0.3728,  0.0435],  
 [-0.0004,  0.0001,  -0.0011,  0.3557,  0.3484,  0.1437]]

CCAG
[-0.6681,  1.5152,  35.6621,  -0.2345,  0.8044,  3.2689]
[[112.7224,  -47.1939,  -22.2573,  -0.0211,  -2.1613,  -3.3898],  
 [-0.0037,  111.0037,  -34.4079,  3.1073,  -1.4537,  1.7176],  
 [-0.0018,  -0.0035,  37.6520,  0.0840,  2.4480,  0.6527],  
 [-0.0000,  0.0003,  0.0003,  0.4497,  -0.0322,  0.0589],  
 [-0.0002,  -0.0002,  0.0015,  -0.1563,  0.7958,  -0.0074],  
 [-0.0003,  0.0000,  0.0003,  0.2934,  -0.0139,  0.1016]]

CCAT
[-0.9313,  4.9231,  35.5664,  -0.2822,  0.6116,  3.3848]
[[77.6891,  -24.4752,  10.7348,  1.7910,  0.9667,  -3.0859],  
 [-0.0041,  40.2548,  -21.2541,  -0.0181,  -0.8400,  1.3051],  
 [0.0018,  -0.0120,  24.1722,  0.2356,  1.4482,  -0.5866],  
 [0.0003,  0.0002,  0.0004,  0.4057,  -0.1406,  0.0066],  
 [0.0002,  -0.0004,  0.0020,  -0.8506,  0.5257,  -0.0642],  
 [-0.0005,  0.0005,  -0.0004,  0.0366,  -0.1987,  0.2135]]

GCAA
[1.8782,  4.2027,  35.4494,  0.1562,  0.4118,  3.2971]
[[21.5929,  -5.3984,  1.9427,  1.4241,  0.4320,  -0.2956],  
 [-0.0116,  31.4112,  -10.5151,  0.4388,  -0.9421,  0.2988],  
 [0.0042,  -0.0099,  20.4241,  0.8049,  1.0711,  0.4183],  
 [0.0031,  0.0010,  0.0021,  0.3953,  0.0311,  -0.0025],  
 [0.0009,  -0.0008,  0.0021,  0.2060,  0.3113,  -0.0019],  
 [-0.0006,  0.0002,  0.0011,  -0.0146,  -0.0221,  0.0639]]

GCAC
[1.1004,  9.3705,  32.5552,  -0.2289,  0.2688,  3.5336]
[[38.6374,  -21.2842,  10.6597,  0.3556,  -0.0632,  -1.2083],  
 [-0.0143,  192.4016,  -55.1748,  0.5083,  0.8108,  8.2468],  
 [0.0071,  -0.0007,  29.9933,  0.1520,  1.5712,  0.2837],  
 [0.0002,  0.0000,  0.0002,  0.3132,  0.0525,  0.0565],  
 [-0.0000,  0.0000,  0.0018,  0.5371,  0.3809,  0.0650],  
 [-0.0008,  0.0001,  0.0008,  0.5766,  0.5290,  0.0707]]

GCAG
[-0.2150,  3.0861,  36.3917,  -0.1711,  0.4772,  3.3444]
[[20.7237,  -1.6946,  0.5360,  1.7872,  0.6715,  -0.1203],  
 [-0.0039,  52.5796,  -24.0200,  -0.9420,  -4.7127,  0.1360],  
 [0.0012,  -0.0086,  20.5161,  0.2215,  1.4222,  0.4001],  
 [0.0042,  -0.0002,  0.0002,  0.3351,  0.0311,  0.0185],  
 [0.0016,  -0.0017,  0.0015,  0.2919,  0.3918,  -0.0346],  
 [-0.0003,  0.0000,  0.0010,  0.1582,  -0.1948,  0.0495]]

GCAT
[-0.8244,  5.6825,  36.8987,  -0.0018,  -0.0663,  3.3658]
[[124.2071,  1.2120,  -25.4297,  -1.0834,  2.4670,  0.3854],  
 [0.0001,  27.4996,  -9.9924,  0.2565,  -0.8635,  0.1962],  
 [-0.0016,  -0.0131,  20.8970,  0.4938,  -0.2910,  0.1822],  
 [-0.0001,  0.0003,  0.0012,  0.2481,  0.0004,  -0.0058],  
 [0.0002,  -0.0011,  -0.0010,  -0.0026,  0.3231,  0.0151],  
 [0.0000,  0.0003,  0.0006,  -0.0905,  0.1422,  0.0636]]

TCAA
[0.3594,  6.5809,  34.3796,  -0.2452,  0.7220,  3.3534]
[[172.6344,  -45.1085,  0.2963,  -2.0660,  -1.5912,  -2.3881],  
 [-0.0015,  118.8215,  -61.9664,  0.4438,  -1.6840,  1.6260],  
 [0.0000,  -0.0044,  115.2416,  2.3172,  0.6918,  -0.5936],  
 [-0.0001,  0.0000,  0.0002,  0.3918,  -0.0172,  -0.0041],  
 [-0.0001,  -0.0001,  -0.0000,  -0.1105,  0.6379,  0.0748],  
 [-0.0001,  0.0001,  0.0000,  -0.0270,  0.1834,  0.1525]]

TCAC
[-0.9680,  6.4837,  35.3536,  -0.1067,  0.6200,  3.4404]
[[14.8890,  -2.1556,  2.1573,  0.6992,  -0.2065,  -0.3830],  
 [-0.0097,  122.1804,  -64.8085,  -0.3043,  -1.2275,  2.8528],  
 [0.0097,  -0.0042,  26.5180,  0.0292,  1.2946,  0.7043],  
 [0.0032,  0.0000,  -0.0001,  0.3280,  0.0828,  0.0351],  
 [-0.0009,  -0.0001,  0.0017,  0.7580,  0.5697,  0.0902],  
 [-0.0017,  0.0002,  0.0015,  0.3168,  0.2767,  0.1374]]

TCAG
[-0.7957,  5.7750,  35.6545,  -0.3330,  0.4978,  3.3572]
[[11.6673,  1.8132,  -2.4403,  0.7904,  -0.4940,  -0.1948],  
 [0.0133,  26.7411,  -14.3372,  0.0622,  -1.5400,  0.1146],  
 [-0.0179,  -0.0189,  14.7874,  0.0830,  0.7241,  0.2160],  
 [0.0058,  -0.0003,  0.0010,  0.2312,  -0.0107,  -0.0116],  
 [-0.0036,  -0.0019,  0.0010,  -0.2159,  0.4209,  0.0130],  
 [-0.0014,  0.0003,  0.0010,  -0.2256,  0.0813,  0.0314]]

TCAT
[-2.7379,  10.1255,  31.6787,  -0.1862,  0.0411,  3.5810]
[[32.3908,  -20.8422,  21.5840,  1.0612,  1.2726,  -2.0561],  
 [-0.0199,  136.8391,  -52.7161,  0.0869,  2.5740,  6.8220],  
 [0.0206,  0.0003,  26.6116,  -0.3026,  2.0510,  -0.3818],  
 [0.0010,  0.0002,  -0.0009,  0.5869,  -0.2922,  -0.0493],  
 [0.0012,  0.0003,  0.0025,  -0.8478,  0.2003,  -0.0182],  
 [-0.0020,  0.0001,  0.0011,  -0.1406,  0.0395,  0.1280]]

ACGA
[1.6575,  5.7036,  34.9794,  0.0225,  0.4341,  3.3928]
[[18.5917,  -1.6644,  4.9035,  0.6709,  0.0106,  0.1187],  
 [-0.0048,  70.1248,  -21.1762,  0.2649,  0.4582,  2.9045],  
 [0.0142,  -0.0040,  34.8010,  -0.4554,  0.2318,  0.5757],  
 [0.0019,  0.0001,  -0.0006,  0.3244,  0.0028,  0.0413],  
 [0.0000,  0.0001,  0.0002,  0.0263,  0.4263,  0.0018],  
 [0.0003,  0.0006,  0.0008,  0.3925,  0.0147,  0.1020]]

ACGC
[-0.2863,  8.6339,  33.6848,  -0.0695,  0.0394,  3.5901]
[[29.3058,  7.7495,  1.4125,  2.2366,  1.0482,  -0.2588],  
 [0.0090,  104.7171,  -29.4988,  -0.2505,  1.1517,  4.3933],  
 [0.0016,  -0.0028,  22.4498,  -0.1518,  -0.6439,  1.4788],  
 [0.0026,  -0.0002,  -0.0007,  0.3221,  -0.0277,  -0.0415],  
 [-0.0003,  0.0004,  0.0035,  -0.4142,  -0.4876,  0.2041],  
 [0.0012,  0.0000,  -0.0013,  -0.2437,  -0.8079,  -0.0356]]

ACGG
[1.5308,  11.6013,  31.5615,  0.1569,  0.3391,  3.6096]
[[29.8081,  -7.8816,  -0.2049,  0.6201,  -0.2399,  1.0188],  
 [-0.0089,  219.5091,  -80.8934,  -2.4738,  3.7237,  10.9124],  
 [-0.0002,  -0.0017,  28.7260,  -0.6370,  1.3765,  0.1500],  
 [0.0007,  -0.0000,  -0.0008,  0.2795,  0.0407,  0.0150],  
 [-0.0003,  0.0001,  0.0018,  0.5061,  0.3845,  -0.0834],  
 [0.0011,  0.0003,  0.0009,  0.1968,  -0.5046,  0.2264]]

ACGT
[-0.0000,  7.3968,  33.0040,  -0.0000,  0.0105,  3.3395]
[[21.8271,  0.0000,  0.0000,  0.4422,  0.0000,  0.0000],  
 [0.0000,  61.7420,  -13.1539,  -0.0000,  -1.9392,  2.3508],  
 [0.0000,  -0.0035,  48.7290,  -0.0000,  -1.3265,  1.2899],  
 [0.0009,  -0.0000,  -0.0000,  0.2090,  -0.0000,  0.0000],  
 [0.0000,  -0.0005,  -0.0007,  -0.0000,  0.8687,  -0.2806],  
 [0.0000,  0.0006,  0.0007,  0.0000,  -0.3714,  0.1555]]

CCGA
[-0.5924,  5.2579,  33.6879,  -0.2046,  1.0248,  3.3845]
[[19.9428,  0.5229,  -0.9229,  1.2474,  0.3644,  0.1546],  
 [0.0013,  89.7679,  -38.7143,  -0.2240,  -1.3686,  2.5589],  
 [-0.0023,  -0.0048,  21.9137,  -0.1600,  0.8963,  0.7100],  
 [0.0031,  -0.0000,  -0.0003,  0.2575,  0.0665,  0.0334],  
 [0.0009,  -0.0002,  0.0016,  0.9992,  0.4278,  0.1067],  
 [0.0004,  0.0003,  0.0020,  0.4987,  0.5824,  -0.0095]]

CCGG
[0.0000,  3.4749,  31.5110,  -0.0000,  0.4991,  3.1494]
[[13.2747,  0.0000,  0.0000,  1.2650,  -0.0000,  -0.0000],  
 [0.0000,  71.0637,  -11.4414,  -0.0000,  -1.8261,  -0.9967],  
 [0.0000,  -0.0023,  39.7269,  0.0000,  2.4283,  0.7585],  
 [0.0072,  -0.0000,  0.0000,  0.3966,  -0.0000,  -0.0000],  
 [-0.0000,  -0.0004,  0.0014,  -0.0000,  0.5120,  -0.0049],  
 [-0.0000,  -0.0002,  0.0004,  -0.0000,  -0.0158,  0.0620]]

GCGA
[2.9173,  8.5825,  32.7158,  0.2229,  0.6299,  3.3149]
[[15.1452,  0.3479,  2.1543,  1.6016,  -0.0707,  0.6254],  
 [0.0015,  66.4005,  -20.4182,  0.1746,  0.4968,  2.0827],  
 [0.0094,  -0.0047,  22.2711,  0.0872,  -0.5233,  1.4414],  
 [0.0070,  0.0000,  -0.0005,  0.2682,  0.0016,  -0.0019],  
 [-0.0003,  0.0001,  -0.0009,  0.0198,  0.5627,  -0.2073],  
 [0.0027,  0.0005,  0.0030,  0.0062,  -0.6553,  0.1794]]

GCGC
[0.0000,  7.4717,  33.0089,  0.0000,  0.3164,  3.0597]
[[32.9854,  0.0000,  0.0000,  2.6400,  0.0000,  -0.0000],  
 [0.0000,  49.4992,  -1.0712,  0.0000,  -1.5513,  4.7232],  
 [0.0000,  -0.0004,  61.9399,  -0.0000,  -7.2765,  10.2855],  
 [0.0024,  0.0000,  -0.0000,  0.3697,  -0.0000,  0.0000],  
 [0.0000,  -0.0006,  -0.0019,  -0.0000,  0.7631,  -0.5002],  
 [-0.0000,  0.0019,  0.0027,  0.0000,  -0.8508,  -0.2363]]

GCGG
[0.5453,  6.1047,  33.5997,  -0.0727,  0.5060,  3.2901]
[[29.6608,  -2.3898,  -0.8982,  1.3826,  0.1386,  -0.2596],  
 [-0.0027,  50.3574,  -16.6306,  0.2215,  0.0986,  0.5891],  
 [-0.0010,  -0.0066,  23.6043,  0.3376,  0.5734,  0.6701],  
 [0.0016,  0.0002,  0.0008,  0.4242,  -0.0240,  0.0636],  
 [0.0002,  0.0000,  0.0011,  -0.1303,  0.2475,  0.0297],  
 [-0.0003,  0.0002,  0.0013,  0.3525,  0.3868,  0.0390]]

TCGA
[-0.0000,  10.6368,  30.8808,  0.0000,  0.4127,  3.4361]
[[19.5503,  0.0000,  0.0000,  0.2325,  0.0000,  0.0000],  
 [0.0000,  121.6365,  -39.8110,  -0.0000,  -2.6153,  3.2535],  
 [0.0000,  -0.0027,  28.3056,  0.0000,  1.5148,  -0.0961],  
 [0.0006,  -0.0000,  0.0000,  0.2991,  -0.0000,  -0.0000],  
 [0.0000,  -0.0002,  0.0016,  -0.0000,  0.6411,  0.0717],  
 [0.0000,  0.0002,  0.0002,  -0.0000,  0.1724,  0.1683]]

AGAA
[0.5083,  -0.0910,  37.4289,  -0.3108,  -0.0996,  3.4149]
[[10.7255,  3.0531,  -1.3432,  0.4415,  -0.4165,  0.4497],  
 [0.0265,  25.9239,  -10.6484,  -0.0011,  -0.5616,  -0.3717],  
 [-0.0117,  -0.0145,  43.8821,  -0.1375,  0.9172,  0.4678],  
 [-0.0036,  -0.0004,  0.0003,  -0.3011,  0.2290,  -0.0122],  
 [0.0038,  -0.0004,  -0.0001,  -0.8054,  0.1119,  -0.0285],  
 [0.0039,  -0.0010,  0.0001,  0.2353,  -0.9956,  0.0081]]

AGAC
[-0.7473,  2.5375,  37.0100,  -0.2969,  -0.0215,  3.3326]
[[28.3088,  9.3016,  -1.2025,  1.4757,  -0.8307,  1.0268],  
 [0.0116,  36.2962,  -10.6563,  -0.5172,  -0.1743,  0.0999],  
 [-0.0015,  -0.0077,  23.3063,  -0.3086,  0.6299,  0.2939],  
 [0.0018,  -0.0009,  -0.0009,  0.3372,  0.0088,  -0.0283],  
 [-0.0010,  0.0001,  0.0012,  0.0658,  0.2962,  0.0050],  
 [0.0013,  -0.0002,  0.0005,  -0.2382,  0.0373,  0.0295]]

AGAG
[-1.4069,  1.4705,  36.0897,  -0.3548,  0.0196,  3.3003]
[[19.2248,  3.1734,  -2.5731,  1.0286,  -1.3371,  0.6309],  
 [0.0086,  30.5700,  -7.4198,  -0.1278,  -1.2163,  0.5264],  
 [-0.0070,  -0.0072,  17.9315,  -0.0735,  0.6644,  0.2730],  
 [-0.0036,  -0.0009,  0.0012,  -0.3865,  0.3033,  -0.0185],  
 [0.0017,  0.0004,  0.0012,  0.3361,  -0.1675,  0.0550],  
 [0.0028,  -0.0004,  -0.0000,  -0.6814,  -0.6328,  -0.0135]]

AGAT
[-0.6515,  -0.8021,  37.6450,  -0.1558,  -0.2723,  3.3971]
[[14.5523,  2.5824,  -2.0932,  0.3366,  -0.2397,  0.3262],  
 [0.0122,  32.8374,  -8.1699,  -0.1001,  0.1560,  0.0369],  
 [-0.0099,  -0.0068,  19.0364,  -0.1540,  0.5963,  0.2622],  
 [-0.0011,  0.0002,  0.0016,  -0.3157,  0.2057,  -0.0145],  
 [0.0015,  -0.0001,  0.0008,  0.3802,  -0.1479,  0.0633],  
 [0.0016,  -0.0002,  -0.0003,  -0.6898,  -0.4967,  -0.0051]]

CGAA
[-0.4277,  2.0013,  37.1880,  -0.3158,  0.0911,  3.3320]
[[22.3274,  4.3546,  -0.7006,  0.8860,  -0.5392,  0.8931],  
 [0.0087,  23.7217,  -11.1800,  -0.4859,  0.4224,  0.2400],  
 [-0.0014,  -0.0196,  23.2295,  -0.1183,  0.3100,  0.3202],  
 [-0.0011,  0.0009,  0.0010,  -0.5409,  0.1868,  -0.0257],  
 [0.0018,  0.0001,  0.0007,  0.0835,  -0.1541,  0.0521],  
 [0.0018,  -0.0012,  -0.0007,  -0.3958,  0.2708,  -0.0348]]

CGAC
[-1.9614,  0.6840,  35.7384,  -0.1716,  0.0572,  3.1602]
[[23.5979,  -9.0522,  11.8102,  1.3900,  -0.2965,  1.6044],  
 [-0.0163,  22.1658,  -13.8599,  0.4214,  0.0864,  -0.4949],  
 [0.0212,  -0.0198,  28.1891,  -1.2780,  0.2604,  1.0684],  
 [0.0025,  0.0018,  -0.0017,  0.1956,  0.0163,  0.0004],  
 [-0.0005,  -0.0000,  0.0005,  0.3943,  0.1767,  -0.0147],  
 [0.0029,  0.0001,  0.0002,  0.0237,  -0.4546,  0.1712]]

CGAG
[-3.5082,  2.3865,  37.1102,  -0.6107,  0.5509,  3.2364]
[[23.9922,  7.9944,  -4.3096,  1.4747,  -2.4082,  1.0988],  
 [0.0139,  35.1298,  -13.0524,  -0.2547,  -0.5675,  0.9952],  
 [-0.0075,  -0.0089,  20.4693,  -0.8773,  1.4765,  0.2792],  
 [-0.0042,  0.0005,  0.0030,  -0.3877,  0.5802,  -0.0152],  
 [0.0026,  -0.0008,  -0.0021,  -0.6827,  0.2976,  -0.0444],  
 [0.0019,  0.0004,  0.0013,  0.3146,  -0.7083,  0.0359]]

CGAT
[-2.3178,  3.2621,  36.0610,  -0.2172,  0.0558,  3.3534]
[[15.7999,  0.6699,  2.3480,  0.7041,  -1.0613,  0.6817],  
 [0.0027,  52.5463,  -23.0847,  -0.2647,  0.3169,  1.3657],  
 [0.0094,  -0.0085,  26.1489,  -0.2895,  0.0333,  0.3308],  
 [0.0028,  -0.0001,  -0.0008,  0.2741,  -0.0544,  -0.0240],  
 [-0.0043,  0.0002,  0.0006,  -0.7464,  0.3256,  0.0178],  
 [0.0027,  0.0005,  0.0006,  -0.3025,  0.2331,  0.0778]]

GGAA
[-0.4784,  1.8248,  35.8404,  -0.2814,  -0.1068,  3.3060]
[[17.4865,  0.4790,  0.1429,  0.9870,  -0.5415,  0.5856],  
 [0.0016,  30.1160,  -7.3828,  -0.6291,  0.2216,  -0.0818],  
 [0.0005,  -0.0081,  34.3472,  -0.5708,  0.5788,  1.2905],  
 [-0.0018,  0.0003,  0.0006,  -0.3958,  0.2169,  -0.0280],  
 [0.0019,  -0.0001,  0.0011,  0.0252,  -0.1351,  0.0805],  
 [0.0032,  -0.0007,  -0.0007,  -0.6163,  -0.2756,  0.0017]]

GGAC
[-1.8253,  3.3939,  35.8356,  -0.2484,  -0.1760,  3.2799]
[[9.4512,  -1.2618,  1.4612,  0.4356,  -0.0732,  0.2950],  
 [-0.0141,  16.3602,  -1.9893,  0.0582,  0.1347,  0.0317],  
 [0.0164,  -0.0062,  14.6447,  -0.3092,  0.6399,  0.2268],  
 [0.0049,  0.0006,  -0.0018,  0.1719,  -0.0223,  -0.0040],  
 [-0.0008,  0.0004,  0.0031,  -0.7847,  0.0940,  0.0023],  
 [0.0033,  0.0004,  0.0008,  -0.1040,  0.5204,  0.0205]]

GGAG
[-0.7428,  0.6855,  37.0224,  -0.4263,  0.1853,  3.3504]
[[27.0771,  2.9206,  -4.7616,  1.5811,  -1.1343,  0.7674],  
 [0.0040,  22.8589,  -7.8828,  0.6453,  -0.4998,  -0.1390],  
 [-0.0065,  -0.0143,  17.8154,  -0.6979,  1.1429,  0.2962],  
 [0.0022,  0.0010,  -0.0012,  0.3777,  -0.0714,  -0.0408],  
 [-0.0015,  -0.0008,  0.0029,  -0.5112,  0.3470,  -0.0372],  
 [0.0010,  -0.0004,  0.0010,  -0.2763,  -0.1805,  0.0366]]

GGAT
[-1.2637,  1.2915,  36.4940,  -0.1999,  -0.1306,  3.3339]
[[90.1972,  -1.5789,  -71.4590,  -0.0439,  0.5682,  -0.8162],  
 [-0.0002,  30.3437,  -9.6477,  -0.0245,  0.1231,  0.0726],  
 [-0.0088,  -0.0109,  42.7158,  0.2691,  -0.1329,  1.1925],  
 [-0.0000,  -0.0000,  0.0001,  0.3658,  -0.0664,  -0.0212],  
 [0.0001,  0.0001,  0.0001,  -0.4963,  0.3233,  -0.0564],  
 [-0.0001,  0.0001,  0.0005,  -0.1580,  -0.4294,  0.0551]]

TGAA
[-2.1691,  3.0024,  35.8273,  -0.5027,  0.3714,  3.2653]
[[16.7507,  -2.4163,  3.8023,  1.0634,  -0.9439,  0.7474],  
 [-0.0086,  22.0649,  -9.9140,  -0.2190,  -0.0067,  -0.1312],  
 [0.0136,  -0.0189,  14.8975,  -0.4829,  0.5595,  0.2078],  
 [-0.0034,  -0.0004,  0.0030,  -0.3797,  0.2950,  -0.0054],  
 [0.0038,  -0.0001,  -0.0031,  -0.5067,  0.0786,  -0.0119],  
 [0.0027,  0.0000,  0.0003,  0.0999,  -0.6524,  0.0307]]

TGAC
[-2.8779,  2.1169,  35.0800,  -0.4153,  0.1042,  3.2260]
[[34.7613,  8.4385,  14.1807,  1.2721,  -1.8962,  0.5665],  
 [0.0070,  34.5209,  -17.1693,  -0.1791,  -1.0836,  -0.2935],  
 [0.0117,  -0.0172,  35.9690,  -1.0667,  1.3390,  0.2398],  
 [0.0011,  -0.0004,  -0.0014,  0.2421,  -0.0393,  0.0065],  
 [-0.0016,  -0.0005,  0.0014,  -0.7063,  0.4420,  -0.0306],  
 [0.0005,  -0.0004,  -0.0002,  0.1129,  -0.1581,  0.0362]]

TGAG
[-2.8995,  -0.8472,  36.0747,  -0.4058,  0.2192,  3.3637]
[[21.6725,  18.5081,  -11.8508,  1.2084,  -1.6214,  0.3055],  
 [0.0394,  126.2183,  -39.1214,  0.0770,  -3.9685,  -1.5107],  
 [-0.0252,  0.0012,  27.0541,  -0.5933,  1.4905,  0.4647],  
 [0.0026,  -0.0004,  -0.0003,  0.3108,  -0.0206,  -0.0320],  
 [-0.0035,  0.0003,  0.0009,  -0.2279,  0.3702,  0.0004],  
 [0.0007,  -0.0002,  0.0006,  -0.3166,  0.0281,  0.0675]]

TGAT
[-2.9999,  2.6521,  36.7193,  -0.2518,  -0.0638,  3.2981]
[[65.8755,  1.8362,  49.1932,  -0.1168,  -1.8165,  1.9956],  
 [0.0004,  37.8835,  -14.4425,  -0.2585,  0.7738,  0.5334],  
 [0.0113,  -0.0106,  37.8329,  -0.8699,  0.6659,  0.0638],  
 [-0.0004,  0.0006,  0.0012,  -0.3815,  0.2068,  -0.0127],  
 [0.0005,  0.0003,  -0.0004,  0.2683,  -0.1178,  0.0840],  
 [-0.0000,  -0.0002,  -0.0006,  -0.4842,  -0.2524,  -0.0037]]

AGCA
[1.8941,  2.4295,  33.9241,  -0.1792,  -0.3292,  3.3421]
[[27.0424,  -1.3112,  -5.9940,  1.4141,  -0.5434,  -0.3072],  
 [-0.0018,  63.8712,  -14.2348,  -1.3452,  -1.1662,  0.6478],  
 [-0.0082,  -0.0037,  14.3946,  0.1972,  0.6613,  0.2602],  
 [0.0019,  -0.0003,  0.0014,  0.3656,  -0.0140,  0.0504],  
 [-0.0004,  0.0002,  0.0012,  0.3719,  0.2700,  0.2074],  
 [-0.0007,  -0.0003,  0.0026,  -0.1014,  0.7299,  -0.0936]]

AGCC
[0.0100,  2.4010,  34.6695,  -0.1624,  -0.4097,  3.2926]
[[13.5606,  1.1018,  0.0797,  0.7814,  -0.1846,  -0.0363],  
 [0.0060,  18.3638,  -2.3646,  -0.2985,  -0.7474,  0.0148],  
 [0.0004,  -0.0070,  18.5871,  0.3584,  0.9113,  0.1341],  
 [0.0042,  -0.0011,  0.0009,  0.4108,  0.0680,  0.0002],  
 [-0.0010,  -0.0022,  0.0024,  0.4024,  0.2938,  -0.0548],  
 [-0.0002,  0.0001,  0.0004,  0.0011,  -0.5709,  0.0271]]

AGCG
[1.8060,  0.6943,  35.3747,  0.0732,  -0.3862,  3.4426]
[[17.9736,  -1.3785,  -2.4873,  1.1199,  0.0549,  -0.0475],  
 [-0.0043,  11.8094,  -4.2115,  0.3791,  -0.5527,  -0.1791],  
 [-0.0077,  -0.0310,  11.7880,  0.0598,  0.2731,  0.3095],  
 [0.0035,  0.0031,  0.0021,  0.3121,  -0.0289,  0.0045],  
 [-0.0001,  -0.0013,  0.0017,  0.0463,  -0.2238,  0.0562],  
 [0.0002,  -0.0039,  0.0007,  -0.2972,  -0.7818,  0.0027]]

AGCT
[0.0000,  1.0501,  36.0232,  -0.0000,  -0.3978,  3.4536]
[[14.2205,  0.0000,  -0.0000,  0.9653,  0.0000,  -0.0000],  
 [0.0000,  30.3817,  -16.1420,  -0.0000,  -2.5232,  -0.8798],  
 [-0.0000,  -0.0175,  34.6944,  -0.0000,  0.6290,  0.2000],  
 [0.0048,  -0.0000,  -0.0000,  0.2611,  0.0000,  -0.0000],  
 [0.0000,  -0.0027,  -0.0007,  0.0000,  0.4896,  -0.1235],  
 [-0.0000,  -0.0010,  -0.0003,  -0.0000,  -0.5037,  0.0726]]

CGCA
[-1.3556,  2.7633,  32.3376,  -0.1649,  -0.3158,  3.2839]
[[17.1274,  0.3988,  4.4863,  0.8303,  0.0579,  0.2875],  
 [0.0014,  37.8164,  -11.2392,  -0.4756,  -0.3441,  1.3114],  
 [0.0153,  -0.0080,  10.0506,  -0.2197,  0.2713,  0.1795],  
 [0.0028,  -0.0004,  -0.0036,  0.2742,  0.0247,  -0.0105],  
 [0.0002,  -0.0002,  0.0023,  0.3166,  0.1250,  -0.0030],  
 [0.0010,  0.0009,  0.0023,  -0.1423,  -0.3425,  0.0733]]

CGCG
[-0.0000,  1.5212,  35.6054,  0.0000,  -0.2326,  2.1759]
[[9.8186,  0.0000,  0.0000,  0.3955,  -0.0000,  -0.0000],  
 [0.0000,  32.2670,  -29.4339,  -0.0000,  1.3339,  6.9477],  
 [0.0000,  -0.0283,  43.8345,  0.0000,  0.1862,  -9.3312],  
 [0.0041,  -0.0000,  -0.0000,  0.2902,  0.0000,  0.0000],  
 [-0.0000,  0.0013,  0.0009,  0.0000,  0.6760,  -0.6986],  
 [-0.0000,  0.0067,  -0.0004,  0.0000,  0.8004,  2.3507]]

GGCA
[0.7685,  0.4407,  34.8823,  0.2300,  -0.1690,  3.2871]
[[28.5770,  -2.9980,  1.9436,  1.5474,  0.7467,  0.0959],  
 [-0.0037,  29.0720,  -11.9503,  -1.2803,  -1.3472,  -0.5104],  
 [0.0024,  -0.0139,  14.9846,  -0.1442,  0.2892,  0.3546],  
 [0.0019,  -0.0013,  -0.0018,  0.3527,  0.0130,  -0.0108],  
 [0.0001,  -0.0006,  0.0011,  -0.0863,  -0.2482,  0.0624],  
 [0.0009,  -0.0015,  0.0000,  0.1146,  -0.6684,  -0.0001]]

GGCC
[-0.0000,  1.9444,  35.2541,  0.0000,  -0.2707,  3.3650]
[[15.6420,  0.0000,  0.0000,  1.5752,  -0.0000,  -0.0000],  
 [0.0000,  31.1076,  -8.0979,  -0.0000,  -0.4692,  -2.3123],  
 [0.0000,  -0.0084,  24.0635,  -0.0000,  -0.2996,  1.4998],  
 [0.0064,  -0.0000,  -0.0000,  0.3204,  0.0000,  -0.0000],  
 [-0.0000,  -0.0005,  -0.0007,  0.0000,  0.6933,  -0.4181],  
 [-0.0000,  -0.0024,  0.0018,  -0.0000,  -0.8700,  0.1207]]

GGCG
[2.1445,  4.5546,  34.4945,  0.2504,  -0.4797,  3.1983]
[[13.1682,  1.2716,  -6.8698,  1.2395,  -0.2381,  0.0060],  
 [0.0073,  30.4335,  -4.7833,  -1.1063,  -1.0466,  0.2694],  
 [-0.0396,  -0.0036,  25.6690,  -0.1702,  0.3001,  -0.2903],  
 [0.0071,  -0.0015,  0.0013,  0.3187,  0.0379,  0.0136],  
 [-0.0014,  -0.0011,  -0.0001,  0.3658,  0.1994,  0.0324],  
 [0.0000,  0.0003,  -0.0004,  0.1230,  0.8442,  0.3121]]

TGCA
[-0.0000,  2.2160,  32.5075,  0.0000,  0.0850,  3.1626]
[[26.4983,  0.0000,  0.0000,  1.4534,  0.0000,  -0.0000],  
 [0.0000,  53.7630,  -15.2702,  -0.0000,  -0.8180,  -0.8300],  
 [0.0000,  -0.0053,  29.2388,  -0.0000,  0.4650,  0.8395],  
 [0.0021,  -0.0000,  -0.0000,  0.2406,  0.0000,  0.0000],  
 [0.0000,  -0.0003,  0.0004,  0.0000,  0.4247,  -0.1243],  
 [-0.0000,  -0.0003,  0.0008,  0.0000,  -0.6868,  0.0174]]

AGGA
[1.0624,  4.0687,  33.7653,  -0.0998,  -0.4444,  3.4646]
[[11.7894,  3.7866,  -0.7579,  0.7157,  -0.1135,  0.4487],  
 [0.0272,  22.9856,  -3.6647,  -0.3698,  0.6271,  0.2870],  
 [-0.0055,  -0.0060,  29.2625,  -0.4855,  0.9859,  1.3620],  
 [0.0051,  -0.0015,  -0.0006,  0.3185,  -0.0308,  -0.0117],  
 [-0.0008,  0.0013,  0.0013,  -0.3146,  0.2679,  -0.0706],  
 [0.0032,  0.0000,  0.0017,  -0.1083,  -0.8864,  0.0177]]

AGGC
[-0.1549,  3.5782,  34.9832,  -0.1214,  -0.1290,  3.4900]
[[103.1545,  -25.8942,  -36.9533,  0.8066,  -1.9409,  0.1192],  
 [-0.0024,  116.1304,  -12.3531,  0.8920,  -2.6014,  0.4902],  
 [-0.0035,  -0.0017,  29.3432,  -0.3117,  1.1364,  0.9281],  
 [0.0001,  0.0001,  -0.0002,  0.4552,  0.0525,  0.0352],  
 [-0.0002,  -0.0002,  0.0010,  0.2518,  0.4147,  -0.0092],  
 [0.0000,  0.0000,  0.0011,  0.1696,  -0.0219,  0.0970]]

AGGG
[-0.1769,  3.0749,  34.1438,  -0.2048,  -0.2254,  3.4192]
[[28.2466,  5.9041,  -1.4184,  0.5603,  -1.4316,  0.7781],  
 [0.0074,  49.7388,  -15.4291,  -0.0779,  -2.1912,  -0.0186],  
 [-0.0018,  -0.0060,  21.8404,  -0.7468,  1.8262,  0.4852],  
 [0.0007,  -0.0001,  -0.0016,  0.5281,  0.0399,  -0.0124],  
 [-0.0018,  -0.0007,  0.0033,  0.1358,  0.4483,  -0.0171],  
 [0.0010,  -0.0001,  0.0010,  -0.0446,  -0.0869,  0.1156]]

AGGT
[0.2494,  5.0248,  32.9370,  -0.0764,  -0.7191,  3.5003]
[[28.9274,  13.6910,  -4.9237,  1.4568,  -1.6954,  1.3327],  
 [0.0164,  34.7417,  -8.3137,  -0.4971,  0.1537,  0.2519],  
 [-0.0059,  -0.0046,  45.8703,  -0.7543,  0.4136,  0.0465],  
 [0.0017,  -0.0011,  -0.0004,  0.3489,  -0.0202,  -0.0008],  
 [-0.0020,  0.0009,  0.0001,  -0.1808,  0.3742,  -0.0321],  
 [0.0016,  -0.0004,  0.0001,  0.0033,  -0.2336,  0.0756]]

CGGA
[-1.1794,  6.2667,  31.4716,  -0.2923,  -0.1199,  3.2992]
[[18.2836,  -1.1710,  0.6088,  1.9281,  -0.5326,  0.6576],  
 [-0.0035,  36.8998,  -9.6889,  -1.2035,  0.4204,  0.5994],  
 [0.0018,  -0.0071,  19.8475,  -0.0833,  1.2203,  0.2206],  
 [0.0058,  -0.0007,  -0.0007,  0.3641,  0.0026,  0.0092],  
 [-0.0016,  0.0003,  0.0033,  -0.0020,  0.3768,  -0.0172],  
 [0.0020,  0.0005,  0.0007,  0.0822,  -0.1217,  0.0451]]

CGGC
[-1.0787,  3.1188,  33.9963,  -0.0092,  -0.0762,  3.3251]
[[24.7159,  -1.0515,  -3.1351,  2.1451,  -1.7083,  0.8006],  
 [-0.0017,  37.2374,  -10.6411,  -0.3504,  -1.6034,  -0.1097],  
 [-0.0051,  -0.0078,  20.3363,  -1.1466,  1.2626,  -0.0076],  
 [0.0035,  -0.0002,  -0.0023,  0.2733,  -0.0315,  -0.0245],  
 [-0.0028,  -0.0012,  0.0020,  -0.4895,  0.3359,  0.0108],  
 [0.0013,  -0.0000,  0.0002,  -0.2892,  0.1494,  0.1994]]

CGGG
[-0.0729,  4.3125,  32.4615,  -0.1734,  -0.1560,  3.3568]
[[35.2749,  6.4700,  -1.4769,  1.6447,  -0.6611,  0.9964],  
 [0.0052,  47.5905,  -14.1830,  -0.5908,  -0.6375,  0.1405],  
 [-0.0012,  -0.0061,  27.8664,  -1.1385,  1.2653,  0.3351],  
 [0.0013,  -0.0004,  -0.0016,  0.3890,  0.0009,  -0.0283],  
 [-0.0005,  -0.0002,  0.0015,  -0.0053,  0.4866,  -0.0694],  
 [0.0008,  -0.0000,  0.0004,  -0.1823,  -0.2912,  0.0393]]

CGGT
[-3.5310,  5.5920,  31.4294,  -0.2898,  -0.2149,  3.8099]
[[53.9293,  18.9765,  2.9113,  2.4198,  -1.7142,  -4.9812],  
 [0.0065,  90.3004,  -29.9127,  0.3777,  -0.2044,  -2.7744],  
 [0.0010,  -0.0039,  27.5779,  0.9912,  0.6303,  -0.1189],  
 [0.0008,  -0.0001,  0.0011,  0.5325,  -0.1816,  -0.1274],  
 [-0.0017,  0.0000,  0.0001,  -0.4529,  0.1725,  0.7164],  
 [-0.0006,  0.0001,  0.0010,  -0.6386,  0.9208,  -0.6723]]

GGGA
[-1.1552,  3.9772,  33.5449,  -0.1667,  0.0150,  3.3494]
[[44.4336,  10.6956,  18.6239,  0.4912,  -1.9524,  1.4734],  
 [0.0054,  80.6259,  -43.0454,  0.0196,  -2.1365,  0.3842],  
 [0.0094,  -0.0079,  41.5798,  -1.9165,  0.6821,  -0.3326],  
 [0.0002,  -0.0000,  -0.0012,  0.4381,  0.0788,  -0.0218],  
 [-0.0010,  -0.0002,  0.0006,  0.4053,  0.4021,  0.0162],  
 [0.0007,  -0.0000,  -0.0006,  -0.1123,  0.0582,  0.1132]]

GGGC
[-0.7546,  3.4033,  33.7871,  -0.1016,  -0.2719,  3.3576]
[[23.6189,  -0.5007,  -7.3552,  1.6701,  -1.4567,  0.5690],  
 [-0.0009,  25.9650,  -5.0543,  -0.7081,  -0.5883,  -0.1145],  
 [-0.0132,  -0.0077,  18.8744,  -0.3472,  0.6739,  0.3920],  
 [0.0030,  -0.0010,  -0.0001,  0.4805,  0.0130,  -0.0393],  
 [-0.0026,  -0.0009,  0.0007,  0.0473,  0.3489,  -0.0484],  
 [0.0010,  -0.0002,  0.0014,  -0.1632,  -0.4084,  0.0147]]

GGGG
[-0.8079,  3.7967,  33.5942,  -0.1316,  -0.0190,  3.3566]
[[28.3157,  -2.5540,  0.1815,  3.0225,  0.7280,  1.1281],  
 [-0.0032,  58.2487,  -15.4967,  -1.1496,  -2.5918,  0.6924],  
 [0.0002,  -0.0046,  21.5414,  -0.5757,  1.0736,  0.3781],  
 [0.0038,  -0.0002,  -0.0014,  0.5370,  -0.0890,  -0.0757],  
 [0.0009,  -0.0007,  0.0018,  -0.3005,  0.5128,  -0.0220],  
 [0.0014,  0.0003,  0.0010,  -0.2505,  -0.0393,  0.0401]]

GGGT
[0.5071,  6.8790,  32.1239,  0.1580,  -0.7374,  3.4480]
[[20.8755,  3.8256,  -3.3224,  1.3794,  -1.4672,  0.7745],  
 [0.0088,  52.5025,  -10.9558,  0.4991,  0.0971,  1.1802],  
 [-0.0076,  -0.0034,  19.7437,  -0.6745,  1.0122,  0.3952],  
 [0.0032,  -0.0000,  -0.0012,  0.3534,  -0.0907,  -0.0164],  
 [-0.0034,  0.0003,  0.0022,  -0.7456,  0.3405,  -0.0352],  
 [0.0018,  0.0003,  0.0015,  -0.1186,  -0.2012,  0.0758]]

TGGA
[-0.6731,  4.2860,  33.3644,  -0.1092,  0.2205,  3.2698]
[[104.1403,  4.8259,  45.9213,  1.1666,  -2.0984,  0.0387],  
 [0.0004,  29.2219,  -9.3391,  -0.8481,  0.1848,  0.3685],  
 [0.0042,  -0.0116,  36.7947,  -2.0533,  1.0005,  -0.8125],  
 [0.0001,  -0.0010,  -0.0019,  0.4813,  0.0289,  0.0064],  
 [-0.0002,  0.0002,  0.0010,  0.1188,  0.4105,  -0.0175],  
 [0.0000,  0.0004,  -0.0005,  0.0311,  -0.1034,  0.1216]]

TGGC
[-2.0832,  4.3745,  32.9053,  -0.3468,  0.0146,  3.2809]
[[20.1017,  2.0748,  7.5786,  1.1035,  -0.6904,  0.6613],  
 [0.0051,  18.8998,  -3.8673,  -0.3388,  -0.4165,  0.0601],  
 [0.0188,  -0.0128,  17.2888,  -1.4048,  0.2707,  0.2932],  
 [0.0027,  -0.0012,  -0.0060,  0.2892,  0.0177,  -0.0298],  
 [-0.0017,  -0.0010,  0.0014,  0.1811,  0.3121,  -0.0125],  
 [0.0016,  -0.0000,  0.0003,  -0.3479,  -0.1657,  0.0198]]

TGGG
[-1.1976,  3.7013,  33.0946,  -0.2423,  -0.1257,  3.2564]
[[17.2423,  2.5042,  2.1751,  0.7642,  -0.6861,  0.4378],  
 [0.0084,  20.1286,  -13.2492,  -0.2253,  -0.4490,  -0.2294],  
 [0.0073,  -0.0335,  12.0089,  -0.7360,  0.2158,  0.1229],  
 [0.0026,  -0.0009,  -0.0062,  0.2327,  0.0421,  -0.0058],  
 [-0.0023,  -0.0008,  0.0010,  0.7169,  0.6124,  -0.0500],  
 [0.0015,  -0.0007,  -0.0002,  -0.1007,  -0.1309,  0.0279]]

TGGT
[-0.9198,  6.3297,  31.5922,  0.0038,  -0.4586,  3.3606]
[[26.5264,  8.2643,  -3.0796,  0.7572,  -1.1111,  0.9130],  
 [0.0117,  19.6364,  -7.5762,  -0.3603,  0.1645,  -0.1379],  
 [-0.0044,  -0.0178,  21.4274,  -0.7561,  0.6544,  0.2805],  
 [-0.0016,  0.0011,  0.0016,  -0.3297,  0.3286,  -0.0396],  
 [0.0011,  -0.0014,  -0.0020,  -0.8962,  0.1981,  -0.0263],  
 [0.0013,  -0.0009,  0.0005,  -0.0966,  -0.4538,  0.0289]]

ATAA
[0.4250,  0.9711,  38.9397,  -0.0464,  0.2765,  3.3969]
[[62.6324,  17.8010,  -36.2506,  -0.7343,  -2.4939,  -0.0640],  
 [0.0045,  71.9136,  -41.9193,  -0.1539,  -1.8863,  -0.1354],  
 [-0.0092,  -0.0058,  30.7932,  0.8191,  1.7467,  0.3689],  
 [-0.0002,  0.0000,  0.0007,  0.3752,  0.0179,  -0.0023],  
 [-0.0006,  -0.0002,  0.0008,  0.1348,  0.7978,  -0.0539],  
 [-0.0000,  -0.0000,  0.0003,  -0.0151,  -0.0844,  0.0552]]

ATAC
[-0.2685,  4.4976,  35.7608,  -0.1591,  -0.2363,  3.4246]
[[18.0618,  -3.3615,  1.5784,  0.3720,  0.5743,  -0.1044],  
 [-0.0103,  44.9537,  -19.2714,  -0.3251,  -2.4965,  0.0323],  
 [0.0048,  -0.0092,  24.9469,  0.4035,  1.6472,  0.3087],  
 [0.0011,  -0.0001,  0.0005,  0.3479,  0.0549,  -0.0322],  
 [0.0018,  -0.0011,  0.0017,  0.4616,  0.4798,  0.0151],  
 [-0.0003,  -0.0000,  0.0005,  -0.2658,  0.0311,  0.0635]]

ATAG
[0.9959,  3.8706,  36.7317,  -0.1023,  0.1995,  3.5766]
[[-40.7712,  -105.7120,  131.5203,  -3.8405,  4.3737,  -5.2429],  
 [0.0146,  105.4388,  -29.2544,  0.2633,  -1.1314,  3.4470],  
 [0.0240,  0.0168,  64.4596,  -0.9384,  2.1934,  0.1657],  
 [0.0015,  0.0012,  -0.0019,  0.3422,  -0.0823,  -0.0175],  
 [-0.0007,  -0.0008,  0.0012,  -0.7034,  0.5736,  0.0334],  
 [0.0016,  0.0016,  -0.0018,  -0.1776,  0.1021,  0.3332]]

ATAT
[0.0000,  4.8548,  36.3299,  0.0000,  -0.1281,  3.4490]
[[42.2924,  -0.0000,  0.0000,  -0.0558,  -0.0000,  0.0000],  
 [-0.0000,  169.3538,  -50.5945,  0.0000,  -2.4841,  2.6940],  
 [0.0000,  -0.0018,  34.3398,  0.0000,  2.3848,  0.8317],  
 [-0.0000,  0.0000,  0.0000,  0.4238,  -0.0000,  -0.0000],  
 [-0.0000,  -0.0001,  0.0019,  -0.0000,  0.4769,  -0.0034],  
 [0.0000,  0.0001,  0.0008,  -0.0000,  -0.0127,  0.1238]]

CTAA
[-0.6036,  2.3512,  38.7108,  -0.0116,  0.5414,  3.2827]
[[132.3150,  -3.4813,  -59.8610,  0.4530,  3.1242,  1.0380],  
 [-0.0002,  35.0921,  -19.5879,  0.0233,  -2.0781,  -0.0068],  
 [-0.0034,  -0.0162,  19.1158,  0.6484,  0.7192,  0.0393],  
 [0.0000,  0.0000,  0.0018,  0.5259,  -0.0888,  -0.0299],  
 [0.0002,  -0.0017,  0.0008,  -0.3165,  0.3596,  -0.0274],  
 [0.0001,  0.0000,  0.0003,  -0.1078,  -0.1535,  0.0378]]

CTAG
[0.0000,  0.0733,  37.8990,  0.0000,  0.7931,  3.2414]
[[131.9759,  0.0000,  0.0000,  1.1727,  0.0000,  -0.0000],  
 [0.0000,  119.7542,  -105.0760,  -0.0000,  -2.5850,  2.7547],  
 [0.0000,  -0.0073,  104.4711,  -0.0000,  -2.1466,  -1.2549],  
 [0.0001,  -0.0000,  -0.0000,  0.6456,  -0.0000,  0.0000],  
 [0.0000,  -0.0002,  -0.0004,  -0.0000,  0.6878,  0.1351],  
 [-0.0000,  0.0002,  0.0001,  0.0000,  0.2861,  0.0491]]

GTAA
[1.1560,  2.3056,  37.2705,  0.0928,  0.1870,  3.3520]
[[161.9825,  1.4878,  -68.7523,  0.5762,  3.0412,  -3.7555],  
 [0.0001,  72.7657,  -35.8267,  0.0671,  -3.7541,  -0.3714],  
 [-0.0026,  -0.0067,  33.6543,  0.3778,  1.8516,  0.6977],  
 [0.0000,  0.0000,  0.0004,  0.3959,  -0.0234,  0.0344],  
 [0.0001,  -0.0007,  0.0011,  -0.1454,  0.4729,  0.0182],  
 [-0.0001,  -0.0001,  0.0003,  0.2207,  0.0709,  0.0896]]

GTAC
[0.0000,  1.2121,  35.8245,  -0.0000,  0.3184,  3.4120]
[[403.3812,  -0.0000,  -0.0000,  -6.1976,  0.0000,  0.0000],  
 [-0.0000,  182.2518,  89.7417,  0.0000,  -11.0314,  -1.0460],  
 [-0.0000,  0.0027,  276.9442,  -0.0000,  1.8458,  6.7020],  
 [-0.0000,  0.0000,  -0.0000,  0.5121,  0.0000,  0.0000],  
 [0.0000,  -0.0003,  0.0001,  0.0000,  0.9976,  -0.4991],  
 [0.0000,  -0.0000,  0.0001,  0.0000,  -0.4989,  0.8496]]

GTAG
[1.1998,  3.5301,  37.0212,  0.0641,  0.2312,  3.3429]
[[29.7351,  -24.4552,  11.6010,  0.7313,  1.8933,  0.4125],  
 [-0.0277,  87.6376,  -45.0149,  0.7141,  -6.5519,  0.1606],  
 [0.0131,  -0.0022,  25.3658,  0.0269,  0.9000,  0.4499],  
 [0.0008,  0.0003,  0.0002,  0.3754,  -0.1225,  0.0175],  
 [0.0021,  -0.0003,  0.0000,  -0.8729,  0.3585,  0.0486],  
 [0.0005,  0.0001,  0.0008,  0.1260,  0.2442,  0.0702]]

TTAA
[-0.0000,  2.2579,  35.7469,  0.0000,  0.4782,  3.4074]
[[17.4548,  -0.0000,  -0.0000,  1.1653,  -0.0000,  -0.0000],  
 [-0.0000,  151.9258,  -42.6854,  0.0000,  -4.4404,  1.2429],  
 [-0.0000,  -0.0018,  46.1302,  0.0000,  1.4540,  0.8425],  
 [0.0038,  0.0000,  0.0000,  0.3260,  0.0000,  0.0000],  
 [-0.0000,  -0.0002,  0.0005,  0.0000,  0.5854,  -0.0135],  
 [-0.0000,  0.0001,  0.0004,  0.0000,  -0.0395,  0.1242]]

